0.576 -0.161 -2.755
0.651 -0.191 -2.747
0.725 -0.223 -2.737
0.799 -0.255 -2.728
0.873 -0.288 -2.719
0.947 -0.321 -2.717
1.021 -0.354 -2.717
1.094 -0.387 -2.719
1.168 -0.42 -2.723
1.242 -0.453 -2.73
1.316 -0.485 -2.736
1.391 -0.517 -2.741
1.465 -0.549 -2.743
1.54 -0.58 -2.745
1.614 -0.611 -2.746
1.689 -0.642 -2.75
1.764 -0.673 -2.756
1.839 -0.703 -2.761
1.914 -0.733 -2.767
1.989 -0.762 -2.772
2.065 -0.792 -2.777
2.14 -0.82 -2.782
2.216 -0.849 -2.787
2.292 -0.876 -2.792
2.368 -0.904 -2.8
2.444 -0.931 -2.803
2.52 -0.958 -2.805
2.597 -0.984 -2.805
2.673 -1.011 -2.805
2.749 -1.038 -2.802
2.825 -1.065 -2.799
2.902 -1.092 -2.794
2.978 -1.12 -2.789
3.053 -1.148 -2.782
3.129 -1.177 -2.773
3.204 -1.206 -2.763
3.279 -1.236 -2.747
3.354 -1.268 -2.729
3.428 -1.301 -2.712
3.501 -1.335 -2.697
3.574 -1.37 -2.684
3.646 -1.406 -2.673
3.718 -1.443 -2.664
3.79 -1.48 -2.655
3.861 -1.518 -2.643
3.932 -1.557 -2.634
4.003 -1.597 -2.625
4.073 -1.637 -2.616
4.142 -1.678 -2.599
4.211 -1.72 -2.578
4.279 -1.764 -2.556
4.346 -1.809 -2.533
4.412 -1.856 -2.508
4.477 -1.905 -2.484
4.541 -1.955 -2.463
4.603 -2.006 -2.446
4.665 -2.058 -2.424
4.725 -2.112 -2.398
4.784 -2.167 -2.371
4.842 -2.224 -2.339
4.897 -2.283 -2.309
4.951 -2.343 -2.281
5.003 -2.405 -2.25
5.053 -2.469 -2.209
5.1 -2.535 -2.164
5.144 -2.602 -2.118
5.185 -2.672 -2.069
5.222 -2.744 -2.02
5.256 -2.817 -1.969
5.286 -2.892 -1.917
5.312 -2.969 -1.866
5.334 -3.047 -1.814
5.352 -3.126 -1.765
5.366 -3.205 -1.725
5.377 -3.285 -1.681
5.385 -3.366 -1.642
5.389 -3.447 -1.603
5.391 -3.527 -1.565
5.389 -3.608 -1.53
5.385 -3.689 -1.494
5.377 -3.769 -1.458
5.367 -3.85 -1.425
5.355 -3.93 -1.397
5.34 -4.009 -1.374
5.324 -4.088 -1.357
5.306 -4.167 -1.345
5.288 -4.246 -1.339
5.269 -4.325 -1.339
5.251 -4.403 -1.349
5.234 -4.482 -1.362
5.217 -4.562 -1.376
5.202 -4.641 -1.394
5.188 -4.721 -1.416
5.177 -4.801 -1.441
5.167 -4.881 -1.457
5.158 -4.961 -1.47
5.15 -5.042 -1.481
5.143 -5.122 -1.489
5.137 -5.203 -1.493
5.13 -5.284 -1.489
5.124 -5.364 -1.485
5.117 -5.445 -1.481
5.109 -5.525 -1.477
5.101 -5.606 -1.473
5.093 -5.686 -1.464
5.084 -5.767 -1.453
5.075 -5.847 -1.44
5.064 -5.927 -1.424
5.051 -6.007 -1.403
5.037 -6.086 -1.381
5.021 -6.166 -1.356
5.003 -6.244 -1.33
4.983 -6.323 -1.306
4.961 -6.401 -1.282
4.937 -6.478 -1.26
4.912 -6.555 -1.235
4.885 -6.631 -1.208
4.855 -6.706 -1.181
4.824 -6.781 -1.157
4.791 -6.854 -1.138
4.756 -6.928 -1.113
4.72 -7.0 -1.085
4.681 -7.071 -1.059
4.641 -7.141 -1.039
4.6 -7.21 -1.025
4.557 -7.279 -1.005
4.513 -7.347 -0.981
4.468 -7.414 -0.956
4.421 -7.48 -0.932
4.372 -7.544 -0.904
4.321 -7.607 -0.882
4.269 -7.669 -0.864
4.216 -7.73 -0.849
4.163 -7.791 -0.837
4.108 -7.851 -0.829
4.053 -7.91 -0.818
3.998 -7.969 -0.805
3.942 -8.027 -0.791
3.884 -8.084 -0.777
3.827 -8.14 -0.766
3.768 -8.196 -0.753
3.709 -8.251 -0.74
3.649 -8.305 -0.725
3.588 -8.359 -0.707
3.526 -8.411 -0.686
3.463 -8.461 -0.668
3.399 -8.511 -0.653
3.335 -8.56 -0.637
3.269 -8.608 -0.615
3.203 -8.654 -0.591
3.135 -8.698 -0.567
3.067 -8.741 -0.547
2.997 -8.782 -0.531
2.928 -8.823 -0.518
2.857 -8.863 -0.508
2.786 -8.902 -0.498
2.715 -8.94 -0.486
2.643 -8.978 -0.471
2.571 -9.014 -0.454
2.498 -9.049 -0.442
2.425 -9.083 -0.43
2.351 -9.117 -0.416
2.277 -9.149 -0.397
2.202 -9.179 -0.376
2.127 -9.208 -0.35
2.051 -9.235 -0.325
1.974 -9.26 -0.3
1.896 -9.284 -0.275
1.818 -9.305 -0.252
1.74 -9.325 -0.235
1.661 -9.343 -0.221
1.582 -9.36 -0.207
1.503 -9.377 -0.194
1.424 -9.392 -0.186
1.344 -9.406 -0.174
1.264 -9.42 -0.166
1.185 -9.433 -0.163
1.105 -9.446 -0.161
1.025 -9.459 -0.159
0.945 -9.472 -0.161
0.865 -9.485 -0.164
0.786 -9.499 -0.167
0.706 -9.512 -0.169
0.626 -9.526 -0.17
0.546 -9.539 -0.169
0.467 -9.553 -0.168
0.387 -9.566 -0.164
0.307 -9.579 -0.155
0.227 -9.591 -0.14
0.147 -9.602 -0.123
0.067 -9.611 -0.106
-0.014 -9.619 -0.088
-0.094 -9.626 -0.066
-0.175 -9.63 -0.041
-0.256 -9.633 -0.015
-0.337 -9.633 0.01
-0.417 -9.632 0.034
-0.498 -9.629 0.056
-0.579 -9.623 0.077
-0.66 -9.617 0.095
-0.74 -9.608 0.115
-0.82 -9.598 0.137
-0.9 -9.587 0.158
-0.98 -9.573 0.178
-1.059 -9.559 0.192
-1.139 -9.543 0.202
-1.218 -9.526 0.212
-1.297 -9.509 0.224
-1.376 -9.491 0.235
-1.454 -9.472 0.241
-1.533 -9.452 0.248
-1.611 -9.432 0.256
-1.689 -9.411 0.262
-1.767 -9.39 0.263
-1.845 -9.369 0.262
-1.924 -9.349 0.26
-2.002 -9.328 0.258
-2.08 -9.307 0.257
-2.158 -9.287 0.259
-2.236 -9.266 0.266
-2.314 -9.244 0.274
-2.392 -9.222 0.28
-2.47 -9.2 0.286
-2.547 -9.177 0.29
-2.625 -9.153 0.294
-2.702 -9.13 0.298
-2.779 -9.106 0.303
-2.856 -9.082 0.308
-2.933 -9.057 0.312
-3.01 -9.032 0.315
-3.087 -9.007 0.318
-3.164 -8.982 0.32
-3.241 -8.956 0.322
-3.317 -8.931 0.324
-3.394 -8.905 0.327
-3.47 -8.879 0.332
-3.547 -8.852 0.339
-3.623 -8.825 0.35
-3.699 -8.797 0.361
-3.774 -8.768 0.371
-3.85 -8.738 0.386
-3.924 -8.707 0.403
-3.998 -8.675 0.42
-4.072 -8.642 0.435
-4.145 -8.607 0.45
-4.218 -8.572 0.463
-4.29 -8.535 0.473
-4.362 -8.498 0.484
-4.433 -8.46 0.498
-4.504 -8.421 0.514
-4.574 -8.381 0.528
-4.644 -8.34 0.541
-4.713 -8.298 0.55
-4.782 -8.256 0.558
-4.85 -8.213 0.564
-4.919 -8.169 0.573
-4.986 -8.125 0.586
-5.053 -8.08 0.601
-5.12 -8.034 0.611
-5.186 -7.987 0.629
-5.251 -7.939 0.649
-5.315 -7.89 0.668
-5.378 -7.839 0.685
-5.44 -7.788 0.703
-5.502 -7.735 0.729
-5.561 -7.68 0.752
-5.62 -7.625 0.773
-5.677 -7.568 0.792
-5.734 -7.51 0.813
-5.789 -7.451 0.827
-5.843 -7.391 0.846
-5.897 -7.33 0.868
-5.948 -7.268 0.892
-5.999 -7.205 0.914
-6.047 -7.14 0.94
-6.094 -7.074 0.967
-6.14 -7.007 0.994
-6.183 -6.939 1.018
-6.225 -6.87 1.039
-6.265 -6.8 1.062
-6.304 -6.729 1.084
-6.341 -6.657 1.101
-6.378 -6.585 1.117
-6.413 -6.512 1.136
-6.446 -6.438 1.154
-6.478 -6.364 1.169
-6.51 -6.29 1.185
-6.539 -6.215 1.204
-6.568 -6.139 1.227
-6.594 -6.062 1.248
-6.619 -5.986 1.277
-6.642 -5.908 1.312
-6.662 -5.829 1.351
-6.678 -5.75 1.395
-6.691 -5.67 1.433
-6.701 -5.59 1.473
-6.707 -5.51 1.509
-6.711 -5.429 1.54
-6.713 -5.348 1.567
-6.712 -5.267 1.604
-6.709 -5.186 1.638
-6.702 -5.106 1.675
-6.692 -5.026 1.717
-6.679 -4.946 1.759
-6.663 -4.867 1.793
-6.644 -4.788 1.823
-6.623 -4.71 1.856
-6.6 -4.633 1.892
-6.573 -4.556 1.931
-6.543 -4.481 1.973
-6.511 -4.407 2.006
-6.476 -4.334 2.034
-6.439 -4.262 2.056
-6.401 -4.191 2.072
-6.362 -4.12 2.084
-6.322 -4.05 2.101
-6.28 -3.98 2.124
-6.237 -3.912 2.151
-6.192 -3.845 2.18
-6.145 -3.779 2.206
-6.096 -3.714 2.23
-6.046 -3.651 2.253
-5.995 -3.589 2.273
-5.942 -3.527 2.291
-5.889 -3.467 2.31
-5.834 -3.407 2.329
-5.778 -3.349 2.345
-5.721 -3.291 2.358
-5.663 -3.235 2.37
-5.605 -3.179 2.385
-5.546 -3.123 2.4
-5.486 -3.069 2.411
-5.426 -3.015 2.416
-5.365 -2.962 2.418
-5.304 -2.908 2.427
-5.243 -2.855 2.432
-5.182 -2.803 2.433
-5.12 -2.75 2.433
-5.059 -2.698 2.432
-4.998 -2.645 2.43
-4.937 -2.592 2.429
-4.875 -2.539 2.428
-4.814 -2.486 2.427
-4.753 -2.433 2.425
-4.692 -2.38 2.424
-4.631 -2.327 2.423
-4.571 -2.274 2.422
-4.51 -2.22 2.424
-4.449 -2.167 2.428
-4.387 -2.114 2.434
-4.326 -2.062 2.441
-4.264 -2.01 2.45
-4.201 -1.959 2.46
-4.138 -1.908 2.472
-4.075 -1.858 2.485
-4.01 -1.809 2.497
-3.946 -1.761 2.509
-3.88 -1.713 2.522
-3.814 -1.667 2.535
-3.748 -1.621 2.548
-3.68 -1.576 2.562
-3.612 -1.532 2.574
-3.544 -1.489 2.583
-3.475 -1.446 2.589
-3.406 -1.404 2.594
-3.337 -1.362 2.599
-3.268 -1.32 2.606
-3.198 -1.279 2.612
-3.128 -1.239 2.614
-3.059 -1.198 2.615
-2.989 -1.157 2.615
-2.919 -1.117 2.614
-2.849 -1.076 2.61
-2.779 -1.035 2.604
-2.71 -0.993 2.6
-2.641 -0.951 2.594
-2.572 -0.909 2.589
-2.503 -0.867 2.584
-2.435 -0.824 2.579
-2.366 -0.78 2.574
-2.298 -0.737 2.57
-2.23 -0.693 2.567
-2.162 -0.649 2.564
-2.095 -0.605 2.563
-2.027 -0.561 2.562
-1.959 -0.516 2.561
-1.892 -0.472 2.56
-1.824 -0.427 2.559
-1.757 -0.383 2.558
-1.689 -0.338 2.556
-1.622 -0.294 2.559
-1.554 -0.249 2.564
-1.486 -0.205 2.57
-1.418 -0.162 2.577
-1.35 -0.119 2.583
-1.281 -0.076 2.587
-1.212 -0.033 2.591
-1.143 0.009 2.596
-1.074 0.051 2.597
-1.005 0.093 2.598
-0.936 0.134 2.599
-0.867 0.176 2.601
-0.797 0.218 2.605
-0.728 0.259 2.611
-0.658 0.3 2.617
-0.588 0.34 2.625
-0.517 0.38 2.63
-0.447 0.419 2.634
-0.376 0.459 2.636
-0.305 0.498 2.637
-0.235 0.537 2.638
-0.164 0.576 2.639
-0.093 0.615 2.64
-0.022 0.654 2.64
0.049 0.693 2.639
0.12 0.732 2.637
0.19 0.771 2.635
0.261 0.81 2.635
0.332 0.849 2.634
0.402 0.889 2.633
0.473 0.928 2.631
0.544 0.968 2.628
0.614 1.007 2.625
0.684 1.047 2.622
0.754 1.088 2.62
0.824 1.128 2.618
0.894 1.168 2.617
0.964 1.209 2.614
1.034 1.25 2.608
1.104 1.291 2.604
1.173 1.333 2.601
1.242 1.374 2.598
1.312 1.416 2.596
1.381 1.458 2.594
1.45 1.5 2.592
1.519 1.543 2.591
1.587 1.585 2.59
1.656 1.627 2.589
1.725 1.67 2.586
1.794 1.713 2.581
1.862 1.756 2.577
1.93 1.799 2.572
1.998 1.843 2.567
2.066 1.887 2.561
2.134 1.932 2.554
2.201 1.976 2.548
2.268 2.022 2.544
2.335 2.067 2.541
2.401 2.113 2.538
2.468 2.159 2.541
2.535 2.205 2.547
2.602 2.25 2.554
2.669 2.294 2.561
2.737 2.339 2.566
2.805 2.382 2.569
2.873 2.426 2.572
2.941 2.47 2.575
3.009 2.513 2.577
3.077 2.556 2.575
3.146 2.6 2.569
3.213 2.644 2.562
3.281 2.688 2.555
3.348 2.733 2.55
3.415 2.778 2.547
3.482 2.824 2.542
3.549 2.87 2.539
3.615 2.915 2.536
3.682 2.962 2.533
3.748 3.008 2.53
3.814 3.054 2.526
3.88 3.101 2.52
3.946 3.148 2.512
4.011 3.196 2.503
4.076 3.245 2.494
4.14 3.294 2.486
4.204 3.343 2.478
4.268 3.393 2.468
4.331 3.444 2.454
4.393 3.496 2.44
4.454 3.548 2.428
4.515 3.601 2.418
4.576 3.655 2.408
4.636 3.709 2.399
4.695 3.764 2.39
4.754 3.82 2.379
4.812 3.876 2.366
4.869 3.933 2.353
4.926 3.99 2.339
4.982 4.049 2.322
5.037 4.108 2.306
5.091 4.168 2.291
5.144 4.229 2.278
5.196 4.291 2.262
5.247 4.354 2.241
5.296 4.418 2.209
5.344 4.483 2.178
5.389 4.55 2.15
5.433 4.618 2.123
5.474 4.688 2.089
5.513 4.759 2.05
5.55 4.831 2.014
5.583 4.904 1.983
5.615 4.979 1.953
5.644 5.054 1.916
5.67 5.131 1.872
5.693 5.208 1.833
5.713 5.287 1.795
5.73 5.366 1.756
5.744 5.445 1.714
5.754 5.526 1.674
5.761 5.606 1.64
5.766 5.687 1.61
5.768 5.768 1.581
5.768 5.849 1.558
5.767 5.929 1.542
5.764 6.01 1.528
5.76 6.091 1.516
5.755 6.172 1.508
5.75 6.252 1.504
5.745 6.333 1.503
5.739 6.414 1.504
5.734 6.494 1.508
5.729 6.575 1.514
5.724 6.656 1.52
5.721 6.737 1.525
5.717 6.817 1.531
5.714 6.898 1.537
5.711 6.979 1.545
5.71 7.06 1.553
5.708 7.141 1.559
5.707 7.222 1.561
5.707 7.302 1.562
5.706 7.383 1.562
5.705 7.464 1.561
5.704 7.545 1.561
5.704 7.626 1.561
5.703 7.707 1.56
5.702 7.788 1.558
5.701 7.868 1.554
5.699 7.949 1.541
5.696 8.03 1.521
5.691 8.111 1.495
5.684 8.191 1.462
5.674 8.272 1.42
5.661 8.351 1.373
5.643 8.43 1.324
5.622 8.508 1.274
5.597 8.585 1.223
5.568 8.661 1.172
5.535 8.734 1.12
5.499 8.806 1.068
5.458 8.877 1.016
5.414 8.944 0.965
5.367 9.01 0.913
5.316 9.073 0.861
5.262 9.133 0.809
5.205 9.191 0.757
5.146 9.245 0.705
5.083 9.296 0.653
5.018 9.344 0.601
4.95 9.388 0.549
4.881 9.429 0.501
4.809 9.467 0.46
4.736 9.502 0.426
4.662 9.535 0.401
4.587 9.566 0.379
4.512 9.595 0.356
4.436 9.622 0.327
4.359 9.647 0.291
4.281 9.67 0.259
4.203 9.689 0.235
4.124 9.708 0.215
4.045 9.724 0.2
3.966 9.74 0.188
3.886 9.755 0.177
3.807 9.769 0.17
3.727 9.782 0.162
3.647 9.795 0.156
3.567 9.808 0.15
3.487 9.82 0.145
3.407 9.831 0.141
3.327 9.842 0.138
3.247 9.853 0.137
3.167 9.864 0.137
3.087 9.876 0.138
3.007 9.887 0.139
2.927 9.898 0.139
2.847 9.909 0.138
2.766 9.92 0.134
2.686 9.931 0.13
2.606 9.941 0.125
2.526 9.951 0.12
2.446 9.961 0.115
2.365 9.97 0.109
2.285 9.979 0.11
2.205 9.987 0.109
2.124 9.996 0.105
2.044 10.005 0.101
1.963 10.013 0.097
1.883 10.02 0.093
1.802 10.028 0.089
1.722 10.035 0.085
1.641 10.042 0.081
1.56 10.048 0.076
1.48 10.054 0.071
1.399 10.06 0.066
1.318 10.065 0.06
1.238 10.069 0.053
1.157 10.073 0.045
1.076 10.077 0.037
0.995 10.08 0.029
0.915 10.082 0.02
0.834 10.083 0.011
0.753 10.084 0.003
0.672 10.084 -0.005
0.591 10.083 -0.014
0.51 10.082 -0.022
0.429 10.08 -0.029
0.349 10.077 -0.036
0.268 10.074 -0.04
0.187 10.071 -0.044
0.106 10.067 -0.046
0.026 10.063 -0.048
-0.055 10.059 -0.05
-0.136 10.055 -0.046
-0.217 10.052 -0.038
-0.298 10.049 -0.03
-0.378 10.047 -0.023
-0.459 10.045 -0.017
-0.54 10.044 -0.012
-0.621 10.043 -0.003
-0.702 10.043 0.007
-0.783 10.044 0.017
-0.864 10.046 0.026
-0.944 10.048 0.028
-1.025 10.05 0.03
-1.106 10.053 0.032
-1.187 10.055 0.034
-1.268 10.058 0.037
-1.348 10.061 0.038
-1.429 10.064 0.036
-1.51 10.067 0.031
-1.591 10.069 0.025
-1.672 10.071 0.018
-1.753 10.072 0.011
-1.833 10.073 0.006
-1.914 10.073 0.001
-1.995 10.073 -0.002
-2.076 10.073 -0.008
-2.157 10.072 -0.021
-2.238 10.07 -0.035
-2.318 10.066 -0.05
-2.399 10.062 -0.066
-2.48 10.056 -0.086
-2.56 10.048 -0.108
-2.641 10.039 -0.131
-2.721 10.028 -0.155
-2.8 10.014 -0.179
-2.88 9.999 -0.205
-2.959 9.982 -0.229
-3.037 9.963 -0.251
-3.116 9.942 -0.272
-3.193 9.92 -0.291
-3.271 9.896 -0.308
-3.348 9.871 -0.321
-3.424 9.846 -0.333
-3.501 9.819 -0.346
-3.576 9.791 -0.359
-3.652 9.762 -0.368
-3.727 9.733 -0.377
-3.802 9.703 -0.384
-3.877 9.673 -0.387
-3.952 9.642 -0.39
-4.027 9.611 -0.392
-4.102 9.58 -0.397
-4.176 9.549 -0.403
-4.25 9.517 -0.41
-4.325 9.484 -0.417
-4.398 9.451 -0.424
-4.472 9.418 -0.43
-4.545 9.384 -0.438
-4.619 9.35 -0.448
-4.691 9.314 -0.459
-4.764 9.278 -0.469
-4.836 9.241 -0.477
-4.907 9.204 -0.492
-4.978 9.165 -0.511
-5.048 9.125 -0.531
-5.118 9.084 -0.549
-5.186 9.041 -0.573
-5.254 8.996 -0.6
-5.32 8.95 -0.632
-5.385 8.901 -0.667
-5.448 8.85 -0.702
-5.509 8.797 -0.744
-5.567 8.742 -0.789
-5.623 8.683 -0.835
-5.676 8.622 -0.881
-5.727 8.559 -0.927
-5.774 8.493 -0.977
-5.818 8.426 -1.024
-5.859 8.356 -1.07
-5.896 8.284 -1.115
-5.931 8.211 -1.159
-5.962 8.137 -1.197
-5.991 8.061 -1.227
-6.017 7.985 -1.252
-6.042 7.908 -1.271
-6.065 7.83 -1.286
-6.088 7.752 -1.307
-6.108 7.674 -1.327
-6.127 7.596 -1.347
-6.144 7.517 -1.366
-6.16 7.437 -1.385
-6.175 7.358 -1.402
-6.188 7.278 -1.42
-6.199 7.198 -1.439
-6.209 7.118 -1.459
-6.218 7.037 -1.477
-6.225 6.957 -1.489
-6.231 6.876 -1.5
-6.237 6.795 -1.512
-6.241 6.715 -1.525
-6.244 6.634 -1.537
-6.247 6.553 -1.555
-6.247 6.472 -1.571
-6.247 6.391 -1.586
-6.245 6.311 -1.603
-6.242 6.23 -1.62
-6.238 6.149 -1.635
-6.232 6.068 -1.655
-6.224 5.988 -1.678
-6.215 5.908 -1.7
-6.204 5.827 -1.718
-6.191 5.748 -1.741
-6.177 5.668 -1.763
-6.161 5.589 -1.783
-6.143 5.51 -1.802
-6.124 5.431 -1.822
-6.104 5.353 -1.847
-6.081 5.276 -1.873
-6.056 5.199 -1.897
-6.029 5.122 -1.92
-6.001 5.047 -1.945
-5.971 4.971 -1.966
-5.939 4.897 -1.985
-5.906 4.823 -2.006
-5.871 4.75 -2.028
-5.835 4.678 -2.047
-5.798 4.606 -2.066
-5.759 4.536 -2.085
-5.718 4.465 -2.103
-5.677 4.396 -2.117
-5.635 4.327 -2.13
-5.591 4.259 -2.145
-5.547 4.191 -2.158
-5.502 4.124 -2.169
-5.456 4.057 -2.18
-5.41 3.991 -2.192
-5.362 3.926 -2.203
-5.314 3.861 -2.212
-5.266 3.796 -2.221
-5.216 3.732 -2.229
-5.167 3.668 -2.237
-5.117 3.605 -2.244
-5.066 3.542 -2.252
-5.015 3.479 -2.261
-4.963 3.417 -2.27
-4.911 3.355 -2.279
-4.858 3.294 -2.289
-4.805 3.233 -2.298
-4.751 3.173 -2.308
-4.696 3.113 -2.317
-4.641 3.054 -2.326
-4.585 2.995 -2.336
-4.529 2.937 -2.346
-4.472 2.88 -2.355
-4.415 2.823 -2.365
-4.357 2.766 -2.374
-4.299 2.71 -2.384
-4.24 2.655 -2.393
-4.181 2.6 -2.403
-4.121 2.546 -2.412
-4.06 2.492 -2.422
-3.999 2.439 -2.431
-3.938 2.387 -2.442
-3.876 2.335 -2.453
-3.813 2.284 -2.466
-3.75 2.233 -2.478
-3.686 2.184 -2.481
-3.622 2.134 -2.487
-3.558 2.085 -2.496
-3.493 2.037 -2.507
-3.427 1.989 -2.518
-3.362 1.942 -2.527
-3.295 1.896 -2.534
-3.229 1.85 -2.538
-3.162 1.804 -2.537
-3.096 1.758 -2.534
-3.029 1.712 -2.534
-2.963 1.665 -2.534
-2.897 1.619 -2.538
-2.83 1.574 -2.544
-2.763 1.528 -2.551
-2.696 1.483 -2.557
-2.628 1.439 -2.563
-2.56 1.395 -2.568
-2.492 1.351 -2.574
-2.424 1.308 -2.579
-2.356 1.265 -2.583
-2.287 1.222 -2.586
-2.218 1.179 -2.588
-2.15 1.137 -2.59
-2.081 1.094 -2.591
-2.012 1.052 -2.595
-1.943 1.01 -2.598
-1.873 0.969 -2.603
-1.804 0.927 -2.61
-1.734 0.886 -2.615
-1.664 0.846 -2.621
-1.594 0.806 -2.626
-1.523 0.766 -2.63
-1.453 0.727 -2.634
-1.382 0.687 -2.639
-1.311 0.649 -2.647
-1.24 0.61 -2.656
-1.168 0.573 -2.665
-1.096 0.536 -2.671
-1.024 0.499 -2.672
-0.952 0.463 -2.668
-0.88 0.426 -2.664
-0.808 0.389 -2.666
-0.736 0.352 -2.675
-0.664 0.316 -2.685
-0.591 0.281 -2.701
-0.518 0.247 -2.716
-0.444 0.214 -2.728
-0.37 0.181 -2.736
-0.296 0.15 -2.745
-0.221 0.119 -2.753
-0.146 0.088 -2.761
-0.071 0.058 -2.768
0.005 0.029 -2.776
0.08 0.0 -2.785
0.156 -0.028 -2.784
0.232 -0.056 -2.783
0.307 -0.085 -2.78
0.383 -0.113 -2.776
0.458 -0.142 -2.769
0.534 -0.172 -2.762
0.609 -0.202 -2.754
0.683 -0.233 -2.746
0.758 -0.264 -2.739
0.832 -0.296 -2.732
0.906 -0.329 -2.725
0.98 -0.362 -2.719
1.054 -0.395 -2.714
1.127 -0.429 -2.712
1.201 -0.462 -2.716
1.275 -0.495 -2.724
1.349 -0.528 -2.73
1.423 -0.56 -2.735
1.497 -0.592 -2.739
1.572 -0.624 -2.741
1.646 -0.655 -2.742
1.721 -0.687 -2.74
1.795 -0.718 -2.736
1.869 -0.75 -2.732
1.943 -0.783 -2.729
2.017 -0.815 -2.726
2.091 -0.848 -2.726
2.165 -0.88 -2.727
2.239 -0.913 -2.729
2.313 -0.945 -2.73
2.388 -0.978 -2.733
2.462 -1.01 -2.737
2.536 -1.041 -2.738
2.611 -1.073 -2.74
2.685 -1.105 -2.748
2.76 -1.135 -2.757
2.835 -1.165 -2.764
2.91 -1.195 -2.771
2.986 -1.224 -2.778
3.061 -1.253 -2.788
3.137 -1.28 -2.793
3.213 -1.308 -2.796
3.289 -1.335 -2.794
3.365 -1.363 -2.789
3.441 -1.391 -2.786
3.517 -1.42 -2.776
3.592 -1.449 -2.765
3.667 -1.479 -2.751
3.742 -1.51 -2.731
3.816 -1.543 -2.707
3.889 -1.578 -2.682
3.961 -1.614 -2.655
4.032 -1.653 -2.627
4.102 -1.694 -2.597
4.17 -1.736 -2.564
4.238 -1.781 -2.53
4.303 -1.829 -2.496
4.367 -1.878 -2.464
4.43 -1.929 -2.433
4.49 -1.983 -2.403
4.55 -2.038 -2.378
4.607 -2.094 -2.352
4.664 -2.152 -2.325
4.719 -2.212 -2.299
4.772 -2.273 -2.276
4.824 -2.335 -2.245
4.873 -2.398 -2.212
4.921 -2.464 -2.178
4.966 -2.531 -2.144
5.009 -2.599 -2.111
5.05 -2.669 -2.077
5.088 -2.74 -2.048
5.125 -2.813 -2.024
5.159 -2.886 -1.998
5.192 -2.96 -1.969
5.222 -3.034 -1.933
5.25 -3.11 -1.897
5.275 -3.187 -1.861
5.297 -3.265 -1.825
5.316 -3.344 -1.79
5.333 -3.423 -1.754
5.347 -3.502 -1.721
5.358 -3.583 -1.69
5.366 -3.663 -1.661
5.373 -3.744 -1.636
5.378 -3.824 -1.615
5.381 -3.905 -1.599
5.382 -3.986 -1.583
5.383 -4.067 -1.568
5.382 -4.148 -1.551
5.38 -4.228 -1.534
5.377 -4.309 -1.517
5.372 -4.39 -1.501
5.366 -4.471 -1.486
5.358 -4.551 -1.471
5.35 -4.632 -1.457
5.34 -4.712 -1.443
5.33 -4.792 -1.428
5.318 -4.872 -1.415
5.305 -4.952 -1.403
5.291 -5.031 -1.394
5.277 -5.111 -1.387
5.262 -5.19 -1.379
5.246 -5.27 -1.369
5.229 -5.349 -1.359
5.212 -5.428 -1.355
5.195 -5.507 -1.352
5.177 -5.586 -1.35
5.159 -5.665 -1.346
5.141 -5.743 -1.343
5.123 -5.822 -1.337
5.104 -5.901 -1.333
5.085 -5.979 -1.333
5.066 -6.058 -1.331
5.046 -6.136 -1.324
5.027 -6.215 -1.323
5.007 -6.293 -1.323
4.987 -6.372 -1.323
4.967 -6.45 -1.323
4.947 -6.528 -1.322
4.927 -6.607 -1.316
4.906 -6.685 -1.31
4.885 -6.763 -1.299
4.863 -6.841 -1.284
4.84 -6.918 -1.269
4.815 -6.995 -1.246
4.789 -7.072 -1.216
4.76 -7.147 -1.18
4.728 -7.221 -1.139
4.693 -7.294 -1.099
4.655 -7.366 -1.061
4.615 -7.436 -1.024
4.572 -7.504 -0.987
4.526 -7.571 -0.951
4.478 -7.636 -0.915
4.428 -7.7 -0.878
4.376 -7.761 -0.843
4.321 -7.821 -0.809
4.265 -7.879 -0.779
4.207 -7.935 -0.753
4.147 -7.99 -0.732
4.087 -8.043 -0.711
4.025 -8.096 -0.692
3.962 -8.147 -0.676
3.899 -8.197 -0.664
3.835 -8.247 -0.656
3.771 -8.296 -0.647
3.706 -8.344 -0.637
3.641 -8.392 -0.627
3.575 -8.439 -0.618
3.509 -8.486 -0.61
3.443 -8.532 -0.601
3.376 -8.578 -0.592
3.309 -8.623 -0.583
3.241 -8.667 -0.573
3.173 -8.71 -0.565
3.105 -8.754 -0.559
3.036 -8.796 -0.557
2.967 -8.839 -0.555
2.899 -8.882 -0.554
2.83 -8.924 -0.553
2.761 -8.967 -0.546
2.692 -9.008 -0.535
2.622 -9.049 -0.521
2.552 -9.089 -0.503
2.48 -9.127 -0.482
2.408 -9.164 -0.458
2.336 -9.199 -0.432
2.262 -9.232 -0.405
2.187 -9.264 -0.38
2.112 -9.293 -0.355
2.036 -9.32 -0.326
1.959 -9.345 -0.299
1.881 -9.368 -0.275
1.803 -9.39 -0.254
1.725 -9.41 -0.238
1.646 -9.428 -0.216
1.567 -9.445 -0.192
1.488 -9.459 -0.17
1.408 -9.472 -0.146
1.328 -9.483 -0.126
1.247 -9.493 -0.109
1.167 -9.501 -0.097
1.087 -9.509 -0.087
1.006 -9.516 -0.078
0.925 -9.522 -0.084
0.845 -9.529 -0.09
0.764 -9.537 -0.098
0.684 -9.545 -0.107
0.603 -9.554 -0.114
0.523 -9.563 -0.112
0.443 -9.572 -0.107
0.362 -9.58 -0.102
0.282 -9.588 -0.096
0.201 -9.596 -0.088
0.121 -9.603 -0.081
0.04 -9.609 -0.069
-0.041 -9.614 -0.052
-0.121 -9.618 -0.032
-0.202 -9.62 -0.013
-0.283 -9.62 0.006
-0.364 -9.619 0.025
-0.445 -9.616 0.043
-0.525 -9.612 0.06
-0.606 -9.607 0.075
-0.687 -9.601 0.088
-0.767 -9.593 0.101
-0.848 -9.585 0.114
-0.928 -9.575 0.124
-1.008 -9.565 0.134
-1.088 -9.554 0.142
-1.168 -9.542 0.149
-1.248 -9.53 0.156
-1.328 -9.517 0.163
-1.408 -9.504 0.171
-1.487 -9.49 0.177
-1.567 -9.475 0.183
-1.646 -9.461 0.188
-1.726 -9.445 0.195
-1.805 -9.429 0.201
-1.884 -9.413 0.209
-1.963 -9.396 0.217
-2.042 -9.378 0.225
-2.121 -9.36 0.233
-2.2 -9.341 0.24
-2.278 -9.322 0.248
-2.356 -9.302 0.258
-2.435 -9.281 0.267
-2.512 -9.259 0.277
-2.59 -9.237 0.286
-2.668 -9.214 0.294
-2.745 -9.19 0.302
-2.822 -9.166 0.309
-2.899 -9.141 0.316
-2.976 -9.116 0.324
-3.052 -9.09 0.335
-3.129 -9.063 0.344
-3.205 -9.035 0.353
-3.28 -9.007 0.361
-3.356 -8.978 0.371
-3.431 -8.948 0.392
-3.506 -8.917 0.413
-3.579 -8.884 0.432
-3.653 -8.849 0.447
-3.725 -8.814 0.46
-3.798 -8.778 0.475
-3.869 -8.74 0.488
-3.941 -8.702 0.499
-4.012 -8.663 0.508
-4.082 -8.624 0.519
-4.152 -8.583 0.53
-4.222 -8.542 0.538
-4.291 -8.501 0.542
-4.36 -8.459 0.545
-4.429 -8.417 0.549
-4.498 -8.375 0.554
-4.567 -8.332 0.56
-4.635 -8.289 0.566
-4.703 -8.245 0.573
-4.771 -8.201 0.58
-4.839 -8.157 0.585
-4.906 -8.112 0.59
-4.973 -8.067 0.595
-5.04 -8.021 0.599
-5.107 -7.976 0.604
-5.173 -7.93 0.609
-5.24 -7.883 0.612
-5.306 -7.837 0.615
-5.372 -7.79 0.617
-5.438 -7.743 0.619
-5.503 -7.696 0.631
-5.568 -7.648 0.643
-5.633 -7.599 0.659
-5.696 -7.549 0.679
-5.759 -7.498 0.699
-5.82 -7.445 0.724
-5.88 -7.391 0.753
-5.939 -7.335 0.782
-5.996 -7.278 0.81
-6.051 -7.219 0.838
-6.104 -7.158 0.874
-6.155 -7.095 0.911
-6.204 -7.03 0.95
-6.25 -6.964 0.992
-6.293 -6.896 1.034
-6.333 -6.825 1.071
-6.371 -6.754 1.109
-6.406 -6.681 1.146
-6.438 -6.607 1.183
-6.468 -6.532 1.218
-6.495 -6.456 1.244
-6.52 -6.379 1.263
-6.544 -6.302 1.279
-6.567 -6.224 1.294
-6.589 -6.146 1.313
-6.609 -6.068 1.336
-6.627 -5.989 1.361
-6.643 -5.91 1.388
-6.657 -5.83 1.419
-6.668 -5.75 1.455
-6.676 -5.669 1.497
-6.681 -5.589 1.538
-6.682 -5.508 1.577
-6.68 -5.427 1.615
-6.676 -5.346 1.653
-6.668 -5.266 1.691
-6.657 -5.186 1.724
-6.644 -5.106 1.76
-6.627 -5.027 1.799
-6.608 -4.948 1.839
-6.586 -4.871 1.872
-6.561 -4.794 1.906
-6.533 -4.718 1.943
-6.503 -4.643 1.979
-6.47 -4.569 2.011
-6.434 -4.496 2.04
-6.397 -4.425 2.071
-6.357 -4.354 2.101
-6.316 -4.285 2.127
-6.273 -4.216 2.148
-6.228 -4.149 2.166
-6.182 -4.082 2.179
-6.136 -4.016 2.19
-6.089 -3.95 2.202
-6.041 -3.885 2.215
-5.992 -3.821 2.232
-5.942 -3.757 2.245
-5.891 -3.694 2.256
-5.839 -3.632 2.267
-5.787 -3.57 2.281
-5.734 -3.509 2.298
-5.68 -3.449 2.315
-5.625 -3.39 2.329
-5.569 -3.332 2.339
-5.513 -3.274 2.34
-5.457 -3.215 2.342
-5.4 -3.158 2.346
-5.343 -3.1 2.352
-5.286 -3.043 2.36
-5.229 -2.986 2.367
-5.171 -2.929 2.374
-5.112 -2.873 2.376
-5.054 -2.817 2.375
-4.996 -2.761 2.372
-4.938 -2.705 2.369
-4.88 -2.648 2.366
-4.822 -2.592 2.37
-4.764 -2.536 2.376
-4.706 -2.48 2.382
-4.647 -2.424 2.388
-4.588 -2.369 2.394
-4.529 -2.314 2.404
-4.468 -2.26 2.417
-4.408 -2.207 2.43
-4.346 -2.154 2.442
-4.284 -2.102 2.452
-4.221 -2.051 2.461
-4.159 -2.001 2.467
-4.095 -1.95 2.473
-4.032 -1.9 2.476
-3.968 -1.85 2.481
-3.904 -1.801 2.486
-3.84 -1.752 2.491
-3.775 -1.703 2.498
-3.711 -1.655 2.506
-3.645 -1.607 2.512
-3.58 -1.559 2.517
-3.514 -1.512 2.522
-3.448 -1.465 2.528
-3.382 -1.419 2.532
-3.316 -1.372 2.533
-3.25 -1.326 2.532
-3.183 -1.28 2.531
-3.117 -1.234 2.53
-3.051 -1.187 2.529
-2.985 -1.141 2.526
-2.919 -1.094 2.522
-2.853 -1.047 2.519
-2.787 -0.999 2.516
-2.722 -0.952 2.518
-2.656 -0.905 2.523
-2.59 -0.858 2.529
-2.524 -0.812 2.536
-2.457 -0.766 2.544
-2.39 -0.721 2.553
-2.323 -0.676 2.562
-2.255 -0.632 2.569
-2.187 -0.589 2.575
-2.119 -0.545 2.581
-2.05 -0.503 2.59
-1.981 -0.46 2.6
-1.912 -0.419 2.611
-1.842 -0.378 2.62
-1.771 -0.338 2.626
-1.701 -0.299 2.63
-1.63 -0.259 2.635
-1.56 -0.22 2.64
-1.489 -0.181 2.646
-1.417 -0.143 2.652
-1.346 -0.105 2.654
-1.275 -0.067 2.652
-1.203 -0.029 2.65
-1.132 0.009 2.649
-1.061 0.047 2.651
-0.989 0.085 2.658
-0.918 0.123 2.669
-0.845 0.159 2.689
-0.772 0.194 2.711
-0.699 0.227 2.727
-0.625 0.259 2.738
-0.55 0.291 2.738
-0.476 0.323 2.737
-0.401 0.355 2.734
-0.327 0.387 2.727
-0.253 0.42 2.716
-0.18 0.453 2.705
-0.107 0.488 2.695
-0.034 0.523 2.683
0.038 0.559 2.668
0.11 0.597 2.647
0.181 0.636 2.628
0.251 0.676 2.611
0.321 0.717 2.6
0.39 0.759 2.593
0.459 0.801 2.587
0.527 0.844 2.581
0.596 0.887 2.572
0.664 0.931 2.562
0.731 0.976 2.55
0.798 1.021 2.536
0.864 1.067 2.526
0.93 1.114 2.518
0.996 1.162 2.51
1.061 1.21 2.501
1.125 1.258 2.493
1.19 1.307 2.488
1.254 1.356 2.485
1.318 1.406 2.485
1.382 1.455 2.487
1.446 1.504 2.49
1.511 1.553 2.496
1.575 1.601 2.506
1.641 1.649 2.518
1.706 1.696 2.529
1.773 1.742 2.541
1.84 1.788 2.552
1.907 1.832 2.566
1.975 1.876 2.581
2.044 1.919 2.597
2.113 1.96 2.611
2.183 2.001 2.622
2.254 2.041 2.632
2.324 2.08 2.642
2.395 2.118 2.652
2.467 2.156 2.664
2.539 2.193 2.671
2.611 2.229 2.677
2.683 2.266 2.681
2.756 2.301 2.684
2.828 2.337 2.687
2.901 2.373 2.68
2.973 2.409 2.672
3.045 2.446 2.662
3.117 2.483 2.649
3.188 2.522 2.634
3.258 2.562 2.622
3.328 2.602 2.607
3.398 2.644 2.591
3.466 2.686 2.573
3.534 2.731 2.549
3.601 2.776 2.528
3.667 2.823 2.506
3.731 2.872 2.486
3.795 2.922 2.468
3.858 2.972 2.457
3.92 3.024 2.442
3.982 3.076 2.424
4.042 3.13 2.408
4.102 3.184 2.393
4.161 3.24 2.379
4.219 3.296 2.364
4.276 3.353 2.351
4.333 3.411 2.34
4.389 3.469 2.33
4.445 3.528 2.322
4.5 3.587 2.318
4.555 3.646 2.316
4.609 3.706 2.315
4.664 3.765 2.312
4.719 3.825 2.308
4.773 3.885 2.301
4.827 3.945 2.295
4.88 4.006 2.289
4.933 4.067 2.283
4.986 4.128 2.278
5.038 4.19 2.273
5.09 4.252 2.265
5.142 4.314 2.253
5.193 4.377 2.24
5.242 4.441 2.227
5.291 4.505 2.215
5.34 4.57 2.197
5.387 4.636 2.178
5.432 4.703 2.161
5.477 4.77 2.146
5.52 4.838 2.132
5.563 4.907 2.108
5.604 4.977 2.077
5.642 5.048 2.047
5.678 5.12 2.019
5.713 5.193 1.997
5.745 5.267 1.964
5.775 5.343 1.926
5.802 5.419 1.889
5.827 5.496 1.857
5.849 5.574 1.828
5.868 5.652 1.794
5.885 5.731 1.759
5.899 5.811 1.727
5.911 5.891 1.698
5.92 5.971 1.667
5.927 6.052 1.64
5.932 6.132 1.615
5.935 6.213 1.589
5.935 6.294 1.56
5.934 6.375 1.536
5.93 6.456 1.512
5.925 6.536 1.49
5.918 6.617 1.474
5.909 6.697 1.461
5.9 6.778 1.449
5.89 6.858 1.438
5.879 6.938 1.433
5.868 7.018 1.433
5.857 7.098 1.433
5.846 7.178 1.433
5.835 7.258 1.434
5.824 7.339 1.434
5.812 7.419 1.432
5.801 7.499 1.43
5.79 7.579 1.427
5.778 7.659 1.419
5.765 7.739 1.408
5.752 7.818 1.396
5.738 7.898 1.385
5.722 7.977 1.375
5.706 8.057 1.367
5.69 8.136 1.351
5.671 8.214 1.327
5.651 8.293 1.3
5.629 8.37 1.274
5.604 8.447 1.239
5.577 8.524 1.197
5.546 8.598 1.151
5.511 8.671 1.101
5.474 8.743 1.051
5.432 8.812 1.001
5.387 8.88 0.949
5.339 8.944 0.898
5.287 9.007 0.846
5.232 9.066 0.794
5.175 9.123 0.742
5.114 9.176 0.695
5.051 9.227 0.652
4.986 9.275 0.604
4.919 9.319 0.555
4.849 9.361 0.507
4.778 9.399 0.464
4.705 9.434 0.424
4.631 9.466 0.384
4.555 9.495 0.346
4.479 9.522 0.316
4.402 9.546 0.291
4.324 9.569 0.271
4.246 9.59 0.257
4.168 9.61 0.246
4.089 9.63 0.237
4.011 9.648 0.231
3.932 9.667 0.227
3.853 9.685 0.222
3.774 9.703 0.216
3.695 9.72 0.213
3.616 9.737 0.21
3.537 9.754 0.207
3.458 9.77 0.204
3.379 9.786 0.199
3.3 9.802 0.194
3.22 9.818 0.189
3.141 9.833 0.184
3.061 9.847 0.178
2.982 9.861 0.173
2.902 9.875 0.174
2.822 9.889 0.178
2.743 9.904 0.181
2.663 9.918 0.185
2.584 9.933 0.187
2.504 9.948 0.187
2.425 9.963 0.184
2.345 9.978 0.181
2.266 9.993 0.176
2.186 10.007 0.171
2.106 10.02 0.167
2.027 10.034 0.164
1.947 10.047 0.159
1.867 10.059 0.151
1.787 10.071 0.143
1.707 10.083 0.135
1.627 10.093 0.125
1.547 10.103 0.111
1.466 10.111 0.094
1.386 10.118 0.074
1.305 10.124 0.053
1.224 10.127 0.032
1.143 10.129 0.012
1.062 10.13 -0.003
0.982 10.129 -0.012
0.901 10.128 -0.019
0.82 10.126 -0.028
0.739 10.124 -0.037
0.658 10.12 -0.046
0.578 10.116 -0.053
0.497 10.112 -0.059
0.416 10.107 -0.064
0.335 10.102 -0.068
0.255 10.096 -0.07
0.174 10.09 -0.072
0.093 10.085 -0.07
0.013 10.079 -0.065
-0.068 10.074 -0.057
-0.149 10.07 -0.046
-0.23 10.066 -0.035
-0.31 10.064 -0.025
-0.391 10.062 -0.016
-0.472 10.061 -0.007
-0.553 10.061 0.005
-0.634 10.062 0.017
-0.715 10.063 0.025
-0.795 10.066 0.032
-0.876 10.068 0.037
-0.957 10.072 0.041
-1.038 10.075 0.041
-1.119 10.078 0.04
-1.199 10.081 0.037
-1.28 10.084 0.035
-1.361 10.087 0.033
-1.442 10.09 0.027
-1.523 10.092 0.016
-1.604 10.092 0.003
-1.684 10.092 -0.011
-1.765 10.091 -0.025
-1.846 10.088 -0.043
-1.927 10.084 -0.063
-2.007 10.079 -0.085
-2.088 10.071 -0.107
-2.168 10.062 -0.128
-2.248 10.051 -0.145
-2.328 10.039 -0.162
-2.408 10.025 -0.174
-2.488 10.011 -0.182
-2.567 9.996 -0.187
-2.647 9.981 -0.194
-2.726 9.965 -0.203
-2.805 9.948 -0.213
-2.884 9.931 -0.22
-2.963 9.913 -0.225
-3.042 9.895 -0.227
-3.12 9.877 -0.228
-3.199 9.859 -0.23
-3.278 9.84 -0.232
-3.357 9.821 -0.237
-3.435 9.802 -0.242
-3.514 9.783 -0.246
-3.592 9.763 -0.256
-3.67 9.742 -0.27
-3.748 9.72 -0.282
-3.825 9.697 -0.293
-3.903 9.674 -0.303
-3.98 9.649 -0.315
-4.057 9.624 -0.33
-4.133 9.597 -0.346
-4.209 9.569 -0.361
-4.284 9.54 -0.376
-4.359 9.51 -0.391
-4.434 9.479 -0.407
-4.508 9.446 -0.43
-4.581 9.412 -0.451
-4.654 9.376 -0.473
-4.725 9.339 -0.496
-4.796 9.3 -0.519
-4.866 9.259 -0.542
-4.935 9.217 -0.565
-5.003 9.173 -0.588
-5.07 9.127 -0.609
-5.136 9.081 -0.627
-5.201 9.033 -0.646
-5.265 8.984 -0.675
-5.328 8.932 -0.705
-5.389 8.879 -0.734
-5.448 8.824 -0.763
-5.506 8.768 -0.806
-5.561 8.708 -0.847
-5.613 8.647 -0.887
-5.663 8.584 -0.926
-5.711 8.518 -0.964
-5.756 8.451 -1.001
-5.799 8.383 -1.037
-5.839 8.312 -1.074
-5.877 8.241 -1.106
-5.912 8.168 -1.134
-5.946 8.095 -1.161
-5.977 8.02 -1.187
-6.007 7.945 -1.212
-6.034 7.869 -1.237
-6.06 7.792 -1.262
-6.084 7.715 -1.287
-6.106 7.637 -1.316
-6.125 7.559 -1.347
-6.142 7.48 -1.375
-6.157 7.4 -1.4
-6.17 7.32 -1.422
-6.182 7.24 -1.441
-6.192 7.16 -1.462
-6.2 7.08 -1.484
-6.206 6.999 -1.507
-6.21 6.918 -1.529
-6.213 6.837 -1.548
-6.215 6.757 -1.564
-6.215 6.676 -1.579
-6.213 6.595 -1.594
-6.211 6.514 -1.607
-6.208 6.433 -1.623
-6.203 6.352 -1.639
-6.197 6.272 -1.655
-6.19 6.191 -1.671
-6.181 6.111 -1.688
-6.171 6.031 -1.707
-6.16 5.951 -1.727
-6.146 5.871 -1.748
-6.131 5.791 -1.77
-6.115 5.712 -1.793
-6.096 5.634 -1.815
-6.076 5.555 -1.836
-6.054 5.477 -1.854
-6.031 5.4 -1.87
-6.007 5.323 -1.886
-5.982 5.246 -1.902
-5.955 5.17 -1.92
-5.927 5.094 -1.937
-5.897 5.019 -1.953
-5.867 4.944 -1.968
-5.835 4.869 -1.982
-5.802 4.796 -1.999
-5.768 4.722 -2.016
-5.733 4.649 -2.033
-5.696 4.577 -2.048
-5.659 4.506 -2.06
-5.621 4.434 -2.071
-5.582 4.364 -2.082
-5.542 4.293 -2.092
-5.501 4.223 -2.101
-5.46 4.154 -2.108
-5.419 4.084 -2.115
-5.377 4.015 -2.121
-5.334 3.946 -2.127
-5.291 3.878 -2.133
-5.248 3.809 -2.14
-5.204 3.741 -2.146
-5.16 3.674 -2.151
-5.116 3.606 -2.155
-5.071 3.539 -2.159
-5.026 3.471 -2.162
-4.981 3.404 -2.17
-4.935 3.338 -2.182
-4.888 3.272 -2.196
-4.841 3.206 -2.21
-4.792 3.142 -2.227
-4.742 3.078 -2.245
-4.691 3.015 -2.266
-4.639 2.954 -2.288
-4.585 2.893 -2.311
-4.53 2.834 -2.331
-4.474 2.776 -2.349
-4.417 2.719 -2.368
-4.359 2.663 -2.389
-4.299 2.608 -2.409
-4.239 2.554 -2.43
-4.177 2.502 -2.449
-4.115 2.451 -2.466
-4.051 2.4 -2.479
-3.987 2.351 -2.489
-3.923 2.302 -2.496
-3.858 2.253 -2.503
-3.793 2.205 -2.51
-3.728 2.158 -2.516
-3.662 2.111 -2.519
-3.596 2.063 -2.521
-3.531 2.016 -2.522
-3.465 1.969 -2.523
-3.399 1.923 -2.527
-3.333 1.876 -2.53
-3.267 1.83 -2.534
-3.2 1.784 -2.539
-3.133 1.738 -2.544
-3.066 1.693 -2.549
-2.999 1.648 -2.555
-2.932 1.603 -2.561
-2.864 1.559 -2.567
-2.796 1.515 -2.574
-2.728 1.472 -2.584
-2.659 1.429 -2.598
-2.59 1.388 -2.614
-2.519 1.348 -2.631
-2.449 1.309 -2.647
-2.377 1.271 -2.661
-2.305 1.233 -2.672
-2.233 1.197 -2.681
-2.161 1.161 -2.689
-2.088 1.126 -2.695
-2.015 1.091 -2.699
-1.942 1.057 -2.701
-1.869 1.022 -2.701
-1.796 0.988 -2.698
-1.723 0.953 -2.695
-1.65 0.918 -2.692
-1.577 0.883 -2.691
-1.504 0.848 -2.692
-1.431 0.812 -2.693
-1.358 0.777 -2.694
-1.285 0.742 -2.693
-1.213 0.707 -2.69
-1.14 0.672 -2.688
-1.067 0.636 -2.684
-0.995 0.601 -2.678
-0.923 0.564 -2.669
-0.851 0.527 -2.66
-0.779 0.49 -2.656
-0.708 0.452 -2.652
-0.636 0.414 -2.65
-0.565 0.375 -2.651
-0.494 0.337 -2.653
-0.422 0.3 -2.655
-0.351 0.262 -2.654
-0.279 0.224 -2.656
-0.208 0.186 -2.661
-0.136 0.149 -2.663
-0.064 0.112 -2.669
0.008 0.075 -2.674
0.08 0.039 -2.679
0.153 0.003 -2.682
