0.395 0.797 2.636
0.492 0.852 2.63
0.589 0.906 2.623
0.685 0.962 2.617
0.782 1.017 2.616
0.878 1.073 2.617
0.974 1.129 2.618
1.07 1.184 2.619
1.167 1.24 2.622
1.263 1.295 2.624
1.36 1.35 2.621
1.456 1.406 2.609
1.552 1.463 2.595
1.646 1.521 2.584
1.74 1.58 2.571
1.834 1.641 2.567
1.927 1.701 2.562
2.02 1.762 2.556
2.112 1.824 2.55
2.204 1.886 2.546
2.297 1.948 2.553
2.389 2.01 2.567
2.483 2.07 2.579
2.577 2.128 2.593
2.672 2.186 2.594
2.767 2.244 2.593
2.862 2.302 2.583
2.956 2.362 2.574
3.05 2.422 2.563
3.142 2.483 2.555
3.235 2.545 2.553
3.327 2.607 2.543
3.419 2.67 2.533
3.51 2.734 2.523
3.6 2.799 2.508
3.689 2.865 2.494
3.777 2.933 2.482
3.865 3.002 2.465
3.951 3.072 2.446
4.036 3.143 2.439
4.12 3.215 2.434
4.205 3.288 2.424
4.288 3.362 2.414
4.371 3.436 2.404
4.453 3.511 2.395
4.534 3.587 2.385
4.614 3.664 2.375
4.694 3.741 2.363
4.773 3.82 2.35
4.85 3.899 2.335
4.927 3.98 2.313
5.001 4.063 2.286
5.073 4.148 2.254
5.141 4.235 2.22
5.207 4.325 2.186
5.27 4.417 2.145
5.328 4.511 2.105
5.383 4.608 2.068
5.435 4.706 2.037
5.484 4.806 2.008
5.529 4.908 1.972
5.571 5.011 1.934
5.609 5.115 1.897
5.642 5.221 1.854
5.671 5.329 1.808
5.695 5.437 1.769
5.715 5.547 1.736
5.732 5.657 1.716
5.748 5.767 1.697
5.761 5.877 1.673
5.771 5.988 1.649
5.778 6.099 1.628
5.784 6.21 1.609
5.787 6.321 1.592
5.789 6.432 1.58
5.789 6.543 1.572
5.789 6.654 1.565
5.788 6.766 1.558
5.786 6.877 1.552
5.784 6.988 1.551
5.782 7.099 1.547
5.779 7.21 1.538
5.775 7.321 1.528
5.769 7.432 1.518
5.762 7.543 1.496
5.753 7.654 1.467
5.74 7.765 1.442
5.724 7.875 1.412
5.705 7.984 1.368
5.68 8.092 1.314
5.649 8.199 1.253
5.611 8.304 1.189
5.566 8.406 1.124
5.515 8.504 1.058
5.458 8.6 0.992
5.394 8.691 0.926
5.325 8.778 0.86
5.25 8.86 0.794
5.17 8.937 0.735
5.086 9.009 0.676
4.997 9.076 0.618
4.905 9.139 0.569
4.81 9.197 0.525
4.713 9.25 0.485
4.614 9.301 0.45
4.513 9.348 0.42
4.411 9.392 0.391
4.307 9.433 0.364
4.203 9.471 0.342
4.098 9.508 0.324
3.993 9.542 0.312
3.887 9.576 0.302
3.78 9.609 0.296
3.674 9.641 0.289
3.567 9.672 0.279
3.46 9.702 0.269
3.353 9.731 0.259
3.245 9.759 0.251
3.137 9.787 0.243
3.029 9.813 0.231
2.921 9.838 0.215
2.812 9.86 0.199
2.703 9.882 0.186
2.594 9.902 0.171
2.484 9.92 0.161
2.374 9.937 0.149
2.264 9.953 0.133
2.154 9.967 0.119
2.043 9.979 0.11
1.933 9.991 0.096
1.822 10.001 0.079
1.711 10.009 0.063
1.6 10.015 0.05
1.489 10.02 0.041
1.378 10.024 0.033
1.267 10.028 0.025
1.156 10.03 0.023
1.045 10.033 0.028
0.933 10.036 0.033
0.822 10.04 0.041
0.711 10.045 0.045
0.6 10.05 0.045
0.489 10.055 0.039
0.378 10.059 0.03
0.267 10.062 0.023
0.156 10.064 0.016
0.045 10.066 0.01
-0.067 10.067 0.01
-0.178 10.068 0.011
-0.289 10.069 0.012
-0.4 10.07 0.013
-0.511 10.072 0.013
-0.623 10.074 0.017
-0.734 10.075 0.018
-0.845 10.077 0.018
-0.956 10.08 0.018
-1.067 10.082 0.019
-1.178 10.084 0.019
-1.289 10.086 0.017
-1.401 10.087 0.007
-1.512 10.087 -0.005
-1.623 10.086 -0.023
-1.734 10.083 -0.041
-1.845 10.077 -0.061
-1.956 10.069 -0.08
-2.067 10.06 -0.094
-2.177 10.049 -0.109
-2.288 10.036 -0.123
-2.398 10.021 -0.137
-2.508 10.006 -0.142
-2.618 9.99 -0.148
-2.728 9.973 -0.152
-2.838 9.956 -0.161
-2.948 9.938 -0.173
-3.057 9.918 -0.189
-3.166 9.896 -0.206
-3.275 9.872 -0.229
-3.383 9.846 -0.254
-3.49 9.817 -0.275
-3.597 9.785 -0.295
-3.703 9.752 -0.315
-3.808 9.717 -0.334
-3.913 9.679 -0.354
-4.017 9.64 -0.374
-4.12 9.598 -0.399
-4.222 9.554 -0.422
-4.323 9.507 -0.436
-4.423 9.46 -0.449
-4.523 9.411 -0.459
-4.623 9.361 -0.475
-4.721 9.31 -0.494
-4.818 9.256 -0.519
-4.914 9.2 -0.545
-5.009 9.141 -0.579
-5.101 9.078 -0.616
-5.19 9.013 -0.647
-5.278 8.944 -0.683
-5.363 8.872 -0.727
-5.444 8.797 -0.776
-5.522 8.717 -0.826
-5.595 8.634 -0.871
-5.665 8.547 -0.921
-5.73 8.457 -0.973
-5.791 8.364 -1.027
-5.846 8.267 -1.078
-5.896 8.168 -1.12
-5.943 8.067 -1.161
-5.986 7.964 -1.194
-6.025 7.861 -1.227
-6.061 7.755 -1.259
-6.094 7.649 -1.285
-6.124 7.542 -1.318
-6.15 7.434 -1.356
-6.171 7.325 -1.389
-6.19 7.215 -1.418
-6.206 7.105 -1.441
-6.219 6.995 -1.459
-6.231 6.884 -1.483
-6.239 6.773 -1.517
-6.243 6.662 -1.556
-6.243 6.551 -1.593
-6.238 6.44 -1.631
-6.23 6.329 -1.662
-6.218 6.219 -1.693
-6.203 6.108 -1.717
-6.186 5.999 -1.74
-6.166 5.889 -1.767
-6.143 5.78 -1.789
-6.118 5.672 -1.81
-6.091 5.564 -1.829
-6.061 5.457 -1.849
-6.03 5.35 -1.869
-5.996 5.244 -1.884
-5.961 5.139 -1.896
-5.925 5.034 -1.907
-5.888 4.929 -1.92
-5.849 4.825 -1.94
-5.808 4.722 -1.96
-5.765 4.619 -1.977
-5.72 4.517 -1.997
-5.673 4.416 -2.014
-5.625 4.316 -2.03
-5.575 4.217 -2.05
-5.523 4.119 -2.076
-5.468 4.022 -2.103
-5.41 3.927 -2.131
-5.349 3.834 -2.163
-5.286 3.743 -2.191
-5.221 3.653 -2.214
-5.153 3.565 -2.235
-5.084 3.478 -2.254
-5.013 3.392 -2.274
-4.94 3.308 -2.294
-4.866 3.225 -2.315
-4.79 3.144 -2.331
-4.713 3.064 -2.344
-4.635 2.985 -2.356
-4.556 2.906 -2.368
-4.476 2.829 -2.379
-4.395 2.753 -2.391
-4.313 2.677 -2.403
-4.231 2.603 -2.415
-4.147 2.529 -2.419
-4.064 2.456 -2.419
-3.981 2.382 -2.415
-3.897 2.308 -2.416
-3.814 2.235 -2.425
-3.73 2.162 -2.436
-3.645 2.091 -2.447
-3.559 2.02 -2.456
-3.473 1.95 -2.465
-3.386 1.881 -2.479
-3.297 1.813 -2.496
-3.208 1.747 -2.513
-3.118 1.682 -2.525
-3.027 1.618 -2.541
-2.934 1.556 -2.56
-2.841 1.496 -2.583
-2.746 1.438 -2.599
-2.651 1.381 -2.609
-2.555 1.325 -2.62
-2.458 1.27 -2.621
-2.362 1.214 -2.623
-2.265 1.159 -2.627
-2.168 1.105 -2.633
-2.071 1.051 -2.64
-1.973 0.998 -2.646
-1.875 0.945 -2.653
-1.777 0.893 -2.66
-1.678 0.842 -2.667
-1.579 0.791 -2.667
-1.481 0.74 -2.658
-1.382 0.688 -2.65
-1.285 0.635 -2.639
-1.187 0.581 -2.637
-1.09 0.528 -2.639
-0.992 0.474 -2.643
-0.895 0.421 -2.648
-0.797 0.369 -2.656
-0.698 0.317 -2.664
-0.599 0.267 -2.671
-0.5 0.216 -2.672
-0.401 0.166 -2.674
-0.302 0.116 -2.677
-0.202 0.066 -2.685
-0.102 0.018 -2.692
-0.002 -0.03 -2.699
0.099 -0.077 -2.712
0.2 -0.123 -2.727
0.302 -0.167 -2.739
0.405 -0.21 -2.751
0.508 -0.252 -2.762
0.611 -0.293 -2.768
0.715 -0.333 -2.77
0.819 -0.373 -2.774
0.922 -0.413 -2.773
1.026 -0.453 -2.77
1.13 -0.494 -2.766
1.233 -0.535 -2.761
1.336 -0.576 -2.756
1.439 -0.618 -2.755
1.542 -0.66 -2.75
1.645 -0.703 -2.751
1.748 -0.745 -2.754
1.851 -0.787 -2.758
1.954 -0.828 -2.762
2.057 -0.869 -2.765
2.16 -0.91 -2.766
2.264 -0.951 -2.765
2.367 -0.992 -2.759
2.47 -1.034 -2.752
2.573 -1.076 -2.748
2.675 -1.119 -2.738
2.777 -1.163 -2.727
2.879 -1.208 -2.723
2.981 -1.254 -2.716
3.082 -1.3 -2.707
3.182 -1.348 -2.698
3.283 -1.395 -2.694
3.383 -1.444 -2.692
3.483 -1.492 -2.693
3.583 -1.54 -2.688
3.683 -1.589 -2.677
3.782 -1.64 -2.66
3.88 -1.692 -2.639
3.977 -1.747 -2.614
4.072 -1.804 -2.586
4.166 -1.864 -2.547
4.256 -1.928 -2.505
4.344 -1.996 -2.457
4.429 -2.069 -2.408
4.51 -2.145 -2.363
4.587 -2.224 -2.316
4.661 -2.308 -2.261
4.73 -2.395 -2.216
4.795 -2.485 -2.175
4.856 -2.578 -2.129
4.913 -2.674 -2.079
4.965 -2.772 -2.031
5.012 -2.872 -1.988
5.055 -2.975 -1.947
5.094 -3.079 -1.91
5.13 -3.185 -1.87
5.161 -3.291 -1.833
5.188 -3.399 -1.796
5.211 -3.508 -1.768
5.231 -3.617 -1.742
5.249 -3.727 -1.713
5.263 -3.837 -1.686
5.275 -3.948 -1.655
5.283 -4.059 -1.631
5.288 -4.17 -1.609
5.291 -4.281 -1.585
5.292 -4.392 -1.558
5.289 -4.503 -1.533
5.284 -4.614 -1.51
5.276 -4.725 -1.483
5.264 -4.836 -1.455
5.25 -4.946 -1.428
5.233 -5.056 -1.406
5.214 -5.165 -1.387
5.193 -5.274 -1.369
5.17 -5.383 -1.357
5.145 -5.492 -1.343
5.12 -5.6 -1.332
5.093 -5.708 -1.32
5.065 -5.815 -1.307
5.035 -5.922 -1.293
5.004 -6.029 -1.28
4.972 -6.136 -1.272
4.939 -6.242 -1.267
4.905 -6.348 -1.25
4.869 -6.453 -1.228
4.83 -6.557 -1.207
4.79 -6.661 -1.193
4.748 -6.764 -1.175
4.704 -6.866 -1.147
4.657 -6.967 -1.117
4.607 -7.066 -1.085
4.553 -7.163 -1.056
4.497 -7.259 -1.024
4.438 -7.353 -0.991
4.376 -7.445 -0.957
4.31 -7.535 -0.924
4.242 -7.623 -0.902
4.173 -7.71 -0.884
4.102 -7.795 -0.868
4.029 -7.88 -0.849
3.955 -7.962 -0.828
3.879 -8.043 -0.805
3.801 -8.123 -0.787
3.722 -8.201 -0.773
3.642 -8.278 -0.75
3.559 -8.353 -0.721
3.475 -8.425 -0.692
3.389 -8.495 -0.67
3.301 -8.563 -0.65
3.212 -8.63 -0.632
3.121 -8.695 -0.605
3.029 -8.757 -0.575
2.935 -8.816 -0.543
2.839 -8.872 -0.508
2.741 -8.924 -0.47
2.641 -8.973 -0.431
2.539 -9.017 -0.397
2.436 -9.059 -0.368
2.332 -9.098 -0.339
2.226 -9.134 -0.323
2.121 -9.169 -0.309
2.015 -9.201 -0.293
1.908 -9.233 -0.281
1.801 -9.263 -0.27
1.694 -9.292 -0.26
1.586 -9.321 -0.25
1.478 -9.347 -0.234
1.37 -9.372 -0.22
1.261 -9.396 -0.203
1.152 -9.418 -0.191
1.043 -9.438 -0.184
0.934 -9.458 -0.18
0.824 -9.478 -0.173
0.715 -9.497 -0.163
0.605 -9.514 -0.149
0.495 -9.53 -0.131
0.384 -9.543 -0.107
0.274 -9.554 -0.077
0.163 -9.561 -0.048
0.052 -9.565 -0.021
-0.06 -9.566 0.009
-0.171 -9.563 0.04
-0.282 -9.557 0.068
-0.393 -9.548 0.091
-0.503 -9.537 0.105
-0.614 -9.525 0.115
-0.724 -9.512 0.125
-0.834 -9.498 0.128
-0.945 -9.484 0.13
-1.055 -9.469 0.134
-1.165 -9.454 0.141
-1.275 -9.438 0.147
-1.385 -9.421 0.156
-1.495 -9.403 0.168
-1.604 -9.384 0.181
-1.713 -9.363 0.197
-1.822 -9.341 0.211
-1.931 -9.317 0.228
-2.039 -9.291 0.242
-2.147 -9.264 0.252
-2.254 -9.236 0.259
-2.362 -9.207 0.267
-2.469 -9.177 0.279
-2.576 -9.146 0.295
-2.682 -9.112 0.314
-2.787 -9.077 0.329
-2.892 -9.041 0.344
-2.997 -9.003 0.355
-3.1 -8.963 0.371
-3.204 -8.922 0.387
-3.307 -8.88 0.399
-3.409 -8.836 0.398
-3.512 -8.793 0.393
-3.614 -8.751 0.389
-3.717 -8.709 0.393
-3.82 -8.666 0.399
-3.922 -8.622 0.414
-4.023 -8.577 0.429
-4.124 -8.53 0.445
-4.224 -8.481 0.46
-4.324 -8.431 0.473
-4.422 -8.38 0.485
-4.52 -8.328 0.5
-4.617 -8.274 0.522
-4.713 -8.217 0.546
-4.808 -8.158 0.566
-4.901 -8.098 0.595
-4.992 -8.034 0.624
-5.081 -7.968 0.649
-5.169 -7.9 0.677
-5.255 -7.829 0.702
-5.339 -7.757 0.72
-5.422 -7.683 0.738
-5.504 -7.607 0.748
-5.585 -7.531 0.759
-5.665 -7.454 0.774
-5.744 -7.376 0.798
-5.821 -7.296 0.817
-5.897 -7.214 0.835
-5.97 -7.131 0.861
-6.042 -7.045 0.893
-6.11 -6.958 0.934
-6.174 -6.867 0.975
-6.235 -6.774 1.018
-6.291 -6.678 1.07
-6.342 -6.579 1.125
-6.387 -6.477 1.181
-6.427 -6.374 1.233
-6.462 -6.268 1.273
-6.492 -6.161 1.313
-6.519 -6.053 1.357
-6.54 -5.944 1.4
-6.557 -5.834 1.451
-6.567 -5.724 1.501
-6.573 -5.612 1.551
-6.572 -5.501 1.597
-6.567 -5.39 1.639
-6.558 -5.279 1.676
-6.544 -5.169 1.713
-6.527 -5.059 1.756
-6.504 -4.951 1.798
-6.477 -4.843 1.844
-6.445 -4.736 1.879
-6.409 -4.631 1.917
-6.369 -4.527 1.962
-6.325 -4.425 2.007
-6.276 -4.325 2.049
-6.223 -4.228 2.088
-6.167 -4.132 2.123
-6.107 -4.038 2.156
-6.044 -3.946 2.186
-5.979 -3.856 2.212
-5.912 -3.768 2.24
-5.842 -3.681 2.26
-5.77 -3.596 2.276
-5.698 -3.512 2.29
-5.624 -3.429 2.3
-5.55 -3.346 2.304
-5.475 -3.263 2.309
-5.4 -3.181 2.32
-5.324 -3.1 2.332
-5.247 -3.02 2.34
-5.169 -2.941 2.351
-5.09 -2.862 2.371
-5.01 -2.786 2.395
-4.927 -2.711 2.42
-4.843 -2.639 2.445
-4.757 -2.568 2.465
-4.67 -2.499 2.481
-4.582 -2.431 2.487
-4.494 -2.364 2.489
-4.405 -2.296 2.49
-4.317 -2.229 2.49
-4.228 -2.162 2.494
-4.14 -2.095 2.499
-4.05 -2.028 2.501
-3.961 -1.962 2.497
-3.873 -1.895 2.494
-3.784 -1.827 2.492
-3.696 -1.76 2.493
-3.607 -1.694 2.506
-3.517 -1.628 2.518
-3.426 -1.563 2.526
-3.335 -1.5 2.534
-3.244 -1.436 2.54
-3.152 -1.374 2.552
-3.059 -1.313 2.563
-2.966 -1.252 2.565
-2.873 -1.191 2.562
-2.78 -1.13 2.558
-2.687 -1.069 2.556
-2.594 -1.007 2.555
-2.502 -0.946 2.554
-2.409 -0.884 2.553
-2.317 -0.823 2.56
-2.224 -0.762 2.571
-2.13 -0.702 2.578
-2.035 -0.643 2.592
-1.94 -0.586 2.61
-1.844 -0.53 2.625
-1.747 -0.476 2.632
-1.65 -0.422 2.637
-1.553 -0.368 2.631
-1.456 -0.313 2.623
-1.359 -0.258 2.617
-1.263 -0.202 2.615
