-4.65 10.054 -0.065
-4.69 10.051 -0.074
-4.73 10.048 -0.083
-4.77 10.044 -0.093
-4.811 10.04 -0.103
-4.851 10.036 -0.113
-4.891 10.031 -0.122
-4.931 10.026 -0.131
-4.971 10.021 -0.139
-5.011 10.015 -0.148
-5.051 10.009 -0.157
-5.091 10.003 -0.163
-5.131 9.996 -0.167
-5.171 9.989 -0.169
-5.211 9.982 -0.17
-5.251 9.975 -0.171
-5.29 9.969 -0.171
-5.33 9.962 -0.171
-5.37 9.955 -0.171
-5.41 9.948 -0.172
-5.45 9.941 -0.172
-5.49 9.934 -0.172
-5.529 9.927 -0.172
-5.569 9.92 -0.172
-5.609 9.913 -0.172
-5.649 9.906 -0.172
-5.689 9.9 -0.172
-5.729 9.893 -0.172
-5.768 9.886 -0.172
-5.808 9.879 -0.172
-5.848 9.872 -0.172
-5.888 9.865 -0.172
-5.928 9.858 -0.172
-5.968 9.851 -0.172
-6.007 9.844 -0.172
-6.047 9.837 -0.172
-6.087 9.831 -0.172
-6.127 9.824 -0.172
-6.167 9.817 -0.172
-6.207 9.81 -0.172
-6.246 9.803 -0.172
-6.286 9.796 -0.172
-6.326 9.789 -0.172
-6.366 9.782 -0.172
-6.406 9.775 -0.172
-6.446 9.768 -0.172
-6.486 9.762 -0.172
-6.525 9.755 -0.172
-6.565 9.748 -0.172
-6.605 9.741 -0.172
-6.645 9.734 -0.172
-6.685 9.727 -0.172
-6.725 9.72 -0.172
-6.764 9.713 -0.172
-6.804 9.706 -0.172
-6.844 9.699 -0.172
-6.884 9.693 -0.172
-6.924 9.686 -0.172
-6.964 9.679 -0.172
-7.003 9.672 -0.172
-7.043 9.665 -0.172
-7.083 9.658 -0.172
-7.123 9.651 -0.172
-7.163 9.644 -0.172
-7.203 9.637 -0.172
-7.242 9.63 -0.172
-7.282 9.624 -0.173
-7.322 9.617 -0.176
-7.362 9.609 -0.182
-7.402 9.602 -0.19
-7.441 9.594 -0.199
-7.481 9.586 -0.208
-7.52 9.578 -0.219
-7.56 9.569 -0.231
-7.599 9.559 -0.244
-7.638 9.549 -0.258
-7.677 9.539 -0.273
-7.716 9.527 -0.288
-7.755 9.516 -0.303
-7.793 9.503 -0.315
-7.832 9.491 -0.326
-7.87 9.478 -0.34
-7.908 9.464 -0.354
-7.946 9.45 -0.368
-7.984 9.435 -0.381
-8.021 9.42 -0.397
-8.058 9.404 -0.415
-8.095 9.387 -0.434
-8.132 9.37 -0.454
-8.168 9.352 -0.472
-8.204 9.333 -0.489
-8.239 9.314 -0.501
-8.275 9.295 -0.511
-8.31 9.275 -0.523
-8.345 9.254 -0.539
-8.379 9.233 -0.558
-8.413 9.212 -0.578
-8.447 9.189 -0.6
-8.48 9.166 -0.622
-8.513 9.142 -0.643
-8.545 9.118 -0.662
-8.577 9.093 -0.683
-8.608 9.067 -0.706
-8.639 9.041 -0.729
-8.668 9.013 -0.752
-8.698 8.986 -0.776
-8.726 8.957 -0.8
-8.754 8.928 -0.824
-8.781 8.898 -0.848
-8.808 8.867 -0.872
-8.834 8.836 -0.896
-8.859 8.804 -0.92
-8.883 8.772 -0.944
-8.906 8.739 -0.968
-8.929 8.705 -0.991
-8.951 8.671 -1.01
-8.972 8.637 -1.027
-8.993 8.602 -1.044
-9.013 8.567 -1.065
-9.032 8.532 -1.088
-9.051 8.496 -1.112
-9.068 8.459 -1.135
-9.085 8.423 -1.159
-9.101 8.385 -1.183
-9.116 8.348 -1.207
-9.13 8.31 -1.231
-9.143 8.272 -1.251
-9.155 8.233 -1.268
-9.167 8.195 -1.282
-9.179 8.156 -1.292
-9.19 8.117 -1.3
-9.2 8.078 -1.305
-9.211 8.039 -1.309
-9.221 8.0 -1.317
-9.231 7.961 -1.328
-9.241 7.921 -1.343
-9.25 7.882 -1.359
-9.258 7.842 -1.376
-9.266 7.803 -1.393
-9.272 7.763 -1.41
-9.279 7.723 -1.427
-9.284 7.683 -1.444
-9.289 7.643 -1.461
-9.293 7.602 -1.475
-9.297 7.562 -1.488
-9.3 7.522 -1.501
-9.303 7.482 -1.512
-9.305 7.441 -1.524
-9.307 7.401 -1.536
-9.308 7.36 -1.549
-9.309 7.32 -1.56
-9.309 7.279 -1.57
-9.309 7.239 -1.58
-9.308 7.199 -1.591
-9.307 7.158 -1.6
-9.306 7.118 -1.61
-9.304 7.077 -1.617
-9.302 7.037 -1.625
-9.3 6.997 -1.631
-9.297 6.956 -1.637
-9.295 6.916 -1.642
-9.292 6.876 -1.646
-9.289 6.835 -1.65
-9.285 6.795 -1.653
-9.282 6.755 -1.657
-9.278 6.714 -1.66
-9.275 6.674 -1.662
-9.271 6.634 -1.663
-9.267 6.594 -1.664
-9.264 6.553 -1.664
-9.26 6.513 -1.665
-9.256 6.473 -1.665
-9.252 6.433 -1.665
-9.248 6.392 -1.665
-9.245 6.352 -1.665
-9.241 6.312 -1.665
-9.237 6.272 -1.665
-9.233 6.231 -1.665
-9.229 6.191 -1.665
-9.226 6.151 -1.665
-9.222 6.111 -1.665
-9.218 6.07 -1.665
-9.214 6.03 -1.665
-9.21 5.99 -1.665
-9.207 5.95 -1.665
-9.203 5.909 -1.665
-9.199 5.869 -1.665
-9.195 5.829 -1.665
-9.191 5.789 -1.665
-9.188 5.748 -1.665
-9.184 5.708 -1.665
-9.18 5.668 -1.665
-9.176 5.628 -1.665
-9.172 5.587 -1.665
-9.169 5.547 -1.665
-9.165 5.507 -1.665
-9.161 5.467 -1.665
-9.157 5.426 -1.665
-9.153 5.386 -1.665
-9.15 5.346 -1.665
-9.146 5.306 -1.665
-9.142 5.265 -1.662
-9.138 5.225 -1.658
-9.135 5.185 -1.654
-9.132 5.145 -1.65
-9.128 5.104 -1.644
-9.126 5.064 -1.638
-9.123 5.024 -1.631
-9.121 4.983 -1.623
-9.119 4.943 -1.613
-9.117 4.902 -1.602
-9.116 4.862 -1.591
-9.115 4.822 -1.58
-9.115 4.781 -1.572
-9.115 4.741 -1.564
-9.116 4.7 -1.555
-9.116 4.66 -1.545
-9.118 4.619 -1.535
-9.119 4.579 -1.527
-9.121 4.539 -1.52
-9.123 4.498 -1.512
-9.126 4.458 -1.503
-9.129 4.418 -1.495
-9.132 4.377 -1.487
-9.135 4.337 -1.481
-9.139 4.297 -1.474
-9.143 4.257 -1.467
-9.147 4.216 -1.459
-9.152 4.176 -1.451
-9.157 4.136 -1.444
-9.162 4.096 -1.437
-9.168 4.056 -1.43
-9.173 4.016 -1.424
-9.179 3.976 -1.418
-9.186 3.936 -1.412
-9.192 3.896 -1.407
-9.199 3.856 -1.402
-9.206 3.816 -1.399
-9.213 3.777 -1.396
-9.22 3.737 -1.394
-9.227 3.697 -1.393
-9.234 3.657 -1.392
-9.241 3.617 -1.392
-9.248 3.578 -1.391
-9.256 3.538 -1.391
-9.263 3.498 -1.391
-9.27 3.458 -1.391
-9.277 3.418 -1.391
-9.285 3.379 -1.391
-9.292 3.339 -1.391
-9.299 3.299 -1.391
-9.306 3.259 -1.391
-9.313 3.22 -1.391
-9.321 3.18 -1.391
-9.328 3.14 -1.391
-9.335 3.1 -1.391
-9.342 3.06 -1.391
-9.35 3.021 -1.391
-9.357 2.981 -1.391
-9.364 2.941 -1.391
-9.371 2.901 -1.391
-9.378 2.862 -1.391
-9.386 2.822 -1.391
-9.393 2.782 -1.391
-9.4 2.742 -1.391
-9.407 2.702 -1.391
-9.415 2.663 -1.391
-9.422 2.623 -1.391
-9.429 2.583 -1.391
-9.436 2.543 -1.391
-9.444 2.504 -1.391
-9.451 2.464 -1.391
-9.458 2.424 -1.394
-9.465 2.384 -1.398
-9.472 2.344 -1.407
-9.478 2.304 -1.415
-9.484 2.264 -1.425
-9.49 2.224 -1.435
-9.496 2.184 -1.446
-9.5 2.144 -1.457
-9.505 2.104 -1.469
-9.509 2.064 -1.48
-9.512 2.024 -1.492
-9.515 1.983 -1.502
-9.518 1.943 -1.512
-9.52 1.903 -1.522
-9.522 1.862 -1.533
-9.523 1.822 -1.544
-9.524 1.781 -1.555
-9.525 1.741 -1.566
-9.525 1.7 -1.576
-9.524 1.66 -1.585
-9.524 1.62 -1.595
-9.522 1.579 -1.605
-9.521 1.539 -1.615
-9.519 1.498 -1.623
-9.517 1.458 -1.63
-9.514 1.418 -1.635
-9.512 1.377 -1.639
-9.509 1.337 -1.642
-9.506 1.297 -1.644
-9.503 1.256 -1.645
-9.5 1.216 -1.646
-9.497 1.176 -1.646
-9.494 1.135 -1.646
-9.491 1.095 -1.647
-9.488 1.055 -1.647
-9.485 1.014 -1.647
-9.482 0.974 -1.647
-9.479 0.934 -1.647
-9.476 0.894 -1.647
-9.472 0.853 -1.647
-9.469 0.813 -1.647
-9.466 0.773 -1.647
-9.463 0.732 -1.647
-9.46 0.692 -1.647
-9.457 0.652 -1.647
-9.454 0.611 -1.647
-9.451 0.571 -1.647
-9.448 0.531 -1.647
-9.445 0.49 -1.647
-9.442 0.45 -1.647
-9.439 0.41 -1.647
-9.436 0.369 -1.647
-9.432 0.329 -1.647
-9.429 0.289 -1.647
-9.426 0.249 -1.647
-9.423 0.208 -1.647
-9.42 0.168 -1.647
-9.417 0.128 -1.647
-9.414 0.087 -1.647
-9.411 0.047 -1.647
-9.408 0.007 -1.647
-9.405 -0.034 -1.647
-9.402 -0.074 -1.647
-9.399 -0.114 -1.647
-9.396 -0.155 -1.647
-9.393 -0.195 -1.647
-9.389 -0.235 -1.647
-9.386 -0.276 -1.647
-9.383 -0.316 -1.647
-9.38 -0.356 -1.647
-9.377 -0.396 -1.647
-9.374 -0.437 -1.647
-9.371 -0.477 -1.647
-9.368 -0.517 -1.647
-9.365 -0.558 -1.647
-9.362 -0.598 -1.647
-9.359 -0.638 -1.647
-9.356 -0.679 -1.647
-9.353 -0.719 -1.647
-9.35 -0.759 -1.647
-9.346 -0.8 -1.647
-9.343 -0.84 -1.647
-9.34 -0.88 -1.647
-9.337 -0.921 -1.647
-9.334 -0.961 -1.647
-9.331 -1.001 -1.647
-9.328 -1.041 -1.647
-9.325 -1.082 -1.647
-9.322 -1.122 -1.647
-9.319 -1.162 -1.647
-9.316 -1.203 -1.647
-9.313 -1.243 -1.647
-9.31 -1.283 -1.647
-9.306 -1.324 -1.647
-9.303 -1.364 -1.647
-9.3 -1.404 -1.647
-9.297 -1.445 -1.647
-9.294 -1.485 -1.647
-9.291 -1.525 -1.647
-9.288 -1.566 -1.647
-9.285 -1.606 -1.647
-9.282 -1.646 -1.647
-9.279 -1.686 -1.647
-9.276 -1.727 -1.647
-9.273 -1.767 -1.647
-9.27 -1.807 -1.647
-9.267 -1.848 -1.647
-9.263 -1.888 -1.647
-9.26 -1.928 -1.647
-9.257 -1.969 -1.647
-9.254 -2.009 -1.645
-9.251 -2.049 -1.641
-9.249 -2.09 -1.637
-9.246 -2.13 -1.632
-9.244 -2.17 -1.627
-9.241 -2.211 -1.621
-9.239 -2.251 -1.614
-9.238 -2.291 -1.608
-9.236 -2.332 -1.603
-9.235 -2.372 -1.598
-9.234 -2.413 -1.593
-9.233 -2.453 -1.588
-9.233 -2.494 -1.583
-9.232 -2.534 -1.577
-9.232 -2.574 -1.571
-9.232 -2.615 -1.565
-9.233 -2.655 -1.559
-9.233 -2.696 -1.553
-9.234 -2.736 -1.545
-9.235 -2.777 -1.537
-9.237 -2.817 -1.53
-9.238 -2.857 -1.523
-9.24 -2.898 -1.518
-9.243 -2.938 -1.514
-9.245 -2.978 -1.511
-9.247 -3.019 -1.509
-9.25 -3.059 -1.507
-9.252 -3.1 -1.506
-9.255 -3.14 -1.504
-9.258 -3.18 -1.503
-9.261 -3.221 -1.502
-9.263 -3.261 -1.501
-9.266 -3.301 -1.5
-9.269 -3.342 -1.499
-9.272 -3.382 -1.499
-9.275 -3.422 -1.499
-9.278 -3.462 -1.498
-9.281 -3.503 -1.498
-9.284 -3.543 -1.498
-9.287 -3.583 -1.498
-9.29 -3.624 -1.498
-9.293 -3.664 -1.498
-9.295 -3.704 -1.498
-9.298 -3.745 -1.498
-9.301 -3.785 -1.498
-9.304 -3.825 -1.498
-9.307 -3.866 -1.498
-9.31 -3.906 -1.498
-9.313 -3.946 -1.498
-9.316 -3.987 -1.498
-9.319 -4.027 -1.498
-9.322 -4.067 -1.498
-9.325 -4.108 -1.498
-9.328 -4.148 -1.498
-9.331 -4.188 -1.498
-9.334 -4.229 -1.498
-9.336 -4.269 -1.498
-9.339 -4.309 -1.498
-9.342 -4.35 -1.498
-9.345 -4.39 -1.498
-9.348 -4.43 -1.498
-9.351 -4.471 -1.498
-9.354 -4.511 -1.498
-9.357 -4.551 -1.498
-9.36 -4.592 -1.498
-9.363 -4.632 -1.498
-9.366 -4.672 -1.498
-9.369 -4.713 -1.498
-9.372 -4.753 -1.498
-9.375 -4.793 -1.498
-9.378 -4.833 -1.498
-9.38 -4.874 -1.498
-9.383 -4.914 -1.498
-9.386 -4.954 -1.498
-9.389 -4.995 -1.498
-9.392 -5.035 -1.498
-9.395 -5.075 -1.498
-9.398 -5.116 -1.498
-9.401 -5.156 -1.498
-9.404 -5.196 -1.498
-9.407 -5.237 -1.498
-9.41 -5.277 -1.498
-9.413 -5.317 -1.498
-9.416 -5.358 -1.498
-9.419 -5.398 -1.498
-9.421 -5.438 -1.498
-9.424 -5.479 -1.498
-9.427 -5.519 -1.498
-9.43 -5.559 -1.498
-9.433 -5.6 -1.498
-9.436 -5.64 -1.498
-9.439 -5.68 -1.498
-9.442 -5.721 -1.498
-9.445 -5.761 -1.498
-9.448 -5.801 -1.498
-9.451 -5.842 -1.502
-9.453 -5.882 -1.506
-9.456 -5.922 -1.512
-9.458 -5.963 -1.517
-9.46 -6.003 -1.523
-9.462 -6.043 -1.531
-9.464 -6.084 -1.539
-9.465 -6.124 -1.548
-9.466 -6.165 -1.554
-9.466 -6.205 -1.559
-9.467 -6.245 -1.564
-9.467 -6.286 -1.569
-9.467 -6.326 -1.578
-9.466 -6.367 -1.588
-9.466 -6.407 -1.597
-9.464 -6.448 -1.605
-9.463 -6.488 -1.612
-9.461 -6.528 -1.617
-9.459 -6.569 -1.625
-9.457 -6.609 -1.635
-9.454 -6.649 -1.645
-9.451 -6.69 -1.654
-9.447 -6.73 -1.662
-9.444 -6.77 -1.672
-9.439 -6.81 -1.682
-9.435 -6.851 -1.693
-9.43 -6.891 -1.705
-9.424 -6.931 -1.716
-9.418 -6.971 -1.726
-9.412 -7.011 -1.736
-9.405 -7.051 -1.748
-9.398 -7.09 -1.759
-9.39 -7.13 -1.769
-9.382 -7.17 -1.779
-9.373 -7.209 -1.79
-9.364 -7.249 -1.8
-9.355 -7.288 -1.809
-9.345 -7.327 -1.816
-9.335 -7.366 -1.824
-9.325 -7.405 -1.831
-9.315 -7.444 -1.84
-9.304 -7.483 -1.849
-9.292 -7.522 -1.858
-9.281 -7.561 -1.865
-9.269 -7.6 -1.874
-9.257 -7.638 -1.881
-9.244 -7.677 -1.889
-9.232 -7.715 -1.897
-9.219 -7.753 -1.906
-9.205 -7.791 -1.917
-9.191 -7.829 -1.928
-9.177 -7.867 -1.939
-9.162 -7.905 -1.95
-9.147 -7.942 -1.959
-9.132 -7.98 -1.966
-9.116 -8.017 -1.974
-9.1 -8.054 -1.981
-9.084 -8.091 -1.988
-9.067 -8.128 -1.997
-9.051 -8.165 -2.007
-9.033 -8.201 -2.017
-9.016 -8.238 -2.026
-8.998 -8.274 -2.033
-8.98 -8.31 -2.043
-8.961 -8.346 -2.053
-8.942 -8.382 -2.064
-8.923 -8.417 -2.077
-8.903 -8.453 -2.09
-8.883 -8.488 -2.102
-8.862 -8.522 -2.116
-8.841 -8.557 -2.13
-8.82 -8.591 -2.144
-8.797 -8.625 -2.158
-8.775 -8.658 -2.173
-8.752 -8.692 -2.189
-8.728 -8.724 -2.204
-8.704 -8.757 -2.22
-8.679 -8.789 -2.236
-8.654 -8.821 -2.253
-8.629 -8.852 -2.27
-8.602 -8.883 -2.288
-8.576 -8.913 -2.305
-8.548 -8.943 -2.323
-8.52 -8.972 -2.341
-8.492 -9.001 -2.358
-8.463 -9.029 -2.375
-8.434 -9.057 -2.392
-8.404 -9.085 -2.406
-8.374 -9.112 -2.417
-8.344 -9.138 -2.426
-8.313 -9.165 -2.438
-8.282 -9.191 -2.454
-8.251 -9.216 -2.471
-8.219 -9.241 -2.489
-8.187 -9.265 -2.509
-8.154 -9.289 -2.529
-8.121 -9.312 -2.549
-8.087 -9.334 -2.567
-8.053 -9.356 -2.587
-8.018 -9.377 -2.608
-7.983 -9.397 -2.63
-7.948 -9.417 -2.652
-7.912 -9.435 -2.675
-7.876 -9.453 -2.694
-7.839 -9.471 -2.714
-7.802 -9.487 -2.734
-7.765 -9.503 -2.754
-7.728 -9.518 -2.774
-7.69 -9.532 -2.791
-7.652 -9.546 -2.809
-7.613 -9.559 -2.828
-7.575 -9.571 -2.848
-7.536 -9.582 -2.868
-7.497 -9.593 -2.889
-7.458 -9.603 -2.906
-7.418 -9.612 -2.923
-7.379 -9.621 -2.94
-7.339 -9.628 -2.956
-7.299 -9.636 -2.97
-7.26 -9.642 -2.982
-7.22 -9.649 -2.994
-7.18 -9.654 -3.008
-7.14 -9.659 -3.022
-7.099 -9.664 -3.035
-7.059 -9.668 -3.048
-7.019 -9.672 -3.061
-6.979 -9.675 -3.071
-6.938 -9.678 -3.08
-6.898 -9.68 -3.089
-6.857 -9.682 -3.099
-6.817 -9.684 -3.109
-6.777 -9.685 -3.119
-6.736 -9.685 -3.129
-6.696 -9.686 -3.14
-6.655 -9.686 3.134
-6.615 -9.685 3.125
-6.575 -9.684 3.116
-6.534 -9.683 3.107
-6.494 -9.682 3.098
-6.453 -9.68 3.09
-6.413 -9.678 3.083
-6.373 -9.675 3.076
-6.332 -9.672 3.069
-6.292 -9.669 3.064
-6.252 -9.666 3.059
-6.211 -9.663 3.054
-6.171 -9.659 3.051
-6.131 -9.656 3.047
-6.091 -9.652 3.045
-6.05 -9.648 3.044
-6.01 -9.644 3.043
-5.97 -9.64 3.043
-5.93 -9.636 3.043
-5.889 -9.632 3.043
-5.849 -9.628 3.042
-5.809 -9.624 3.042
-5.769 -9.62 3.042
-5.729 -9.616 3.042
-5.688 -9.612 3.042
-5.648 -9.608 3.042
-5.608 -9.604 3.042
-5.568 -9.6 3.042
-5.527 -9.596 3.042
-5.487 -9.592 3.042
-5.447 -9.588 3.042
-5.407 -9.584 3.042
-5.366 -9.58 3.042
-5.326 -9.576 3.042
-5.286 -9.572 3.042
-5.246 -9.568 3.042
-5.206 -9.564 3.045
-5.165 -9.56 3.05
-5.125 -9.556 3.056
-5.085 -9.553 3.063
-5.044 -9.55 3.07
-5.004 -9.547 3.075
-4.964 -9.544 3.081
-4.923 -9.542 3.089
-4.883 -9.54 3.098
-4.843 -9.539 3.107
-4.802 -9.537 3.115
-4.762 -9.536 3.122
-4.721 -9.536 3.128
-4.681 -9.535 3.135
-4.64 -9.535 -3.14
-4.6 -9.535 -3.132
-4.56 -9.536 -3.123
-4.519 -9.537 -3.114
-4.479 -9.538 -3.105
-4.438 -9.54 -3.097
-4.398 -9.542 -3.088
-4.358 -9.544 -3.08
-4.317 -9.546 -3.071
-4.277 -9.549 -3.064
-4.237 -9.553 -3.059
-4.196 -9.556 -3.053
-4.156 -9.56 -3.047
-4.116 -9.564 -3.042
-4.076 -9.568 -3.038
-4.035 -9.572 -3.034
-3.995 -9.576 -3.03
-3.955 -9.581 -3.028
-3.915 -9.585 -3.027
-3.875 -9.59 -3.026
-3.835 -9.595 -3.025
-3.794 -9.599 -3.025
-3.754 -9.604 -3.025
-3.714 -9.609 -3.025
-3.674 -9.614 -3.025
-3.634 -9.618 -3.025
-3.594 -9.623 -3.025
-3.554 -9.628 -3.025
-3.513 -9.632 -3.025
-3.473 -9.637 -3.025
-3.433 -9.642 -3.025
-3.393 -9.647 -3.025
-3.353 -9.651 -3.025
-3.313 -9.656 -3.025
-3.272 -9.661 -3.025
-3.232 -9.666 -3.025
-3.192 -9.67 -3.025
-3.152 -9.675 -3.025
-3.112 -9.68 -3.025
-3.072 -9.684 -3.025
-3.032 -9.689 -3.025
-2.991 -9.694 -3.025
-2.951 -9.699 -3.025
-2.911 -9.703 -3.025
-2.871 -9.708 -3.025
-2.831 -9.713 -3.025
-2.791 -9.717 -3.025
-2.75 -9.722 -3.025
-2.71 -9.727 -3.025
-2.67 -9.732 -3.025
-2.63 -9.736 -3.025
-2.59 -9.741 -3.025
-2.55 -9.746 -3.025
-2.51 -9.75 -3.025
-2.469 -9.755 -3.025
-2.429 -9.76 -3.025
-2.389 -9.765 -3.025
-2.349 -9.769 -3.025
-2.309 -9.774 -3.025
-2.269 -9.779 -3.029
-2.228 -9.783 -3.035
-2.188 -9.787 -3.042
-2.148 -9.791 -3.048
-2.108 -9.795 -3.054
-2.067 -9.798 -3.061
-2.027 -9.802 -3.07
-1.987 -9.804 -3.079
-1.946 -9.807 -3.088
-1.906 -9.809 -3.097
-1.866 -9.81 -3.105
-1.825 -9.812 -3.114
-1.785 -9.813 -3.124
-1.744 -9.813 -3.133
-1.704 -9.813 3.14
-1.664 -9.813 3.132
-1.623 -9.813 3.125
-1.583 -9.812 3.12
-1.542 -9.811 3.115
-1.502 -9.81 3.108
-1.461 -9.808 3.102
-1.421 -9.807 3.096
-1.381 -9.805 3.09
-1.34 -9.803 3.086
-1.3 -9.8 3.083
-1.26 -9.798 3.081
-1.219 -9.795 3.08
-1.179 -9.793 3.079
-1.139 -9.79 3.078
-1.098 -9.788 3.078
-1.058 -9.785 3.078
-1.018 -9.783 3.078
-0.977 -9.78 3.077
-0.937 -9.777 3.077
-0.896 -9.775 3.077
-0.856 -9.772 3.077
-0.816 -9.77 3.077
-0.775 -9.767 3.077
-0.735 -9.765 3.077
-0.695 -9.762 3.077
-0.654 -9.759 3.077
-0.614 -9.757 3.077
-0.574 -9.754 3.077
-0.533 -9.752 3.077
-0.493 -9.749 3.077
-0.453 -9.746 3.077
-0.412 -9.744 3.077
-0.372 -9.741 3.077
-0.332 -9.739 3.077
-0.291 -9.736 3.077
-0.251 -9.733 3.077
-0.211 -9.731 3.077
-0.17 -9.728 3.077
-0.13 -9.726 3.077
-0.09 -9.723 3.077
-0.049 -9.72 3.077
-0.009 -9.718 3.077
0.031 -9.715 3.077
0.072 -9.713 3.077
0.112 -9.71 3.077
0.153 -9.707 3.077
0.193 -9.705 3.077
0.233 -9.702 3.077
0.274 -9.7 3.077
0.314 -9.697 3.077
0.354 -9.695 3.077
0.395 -9.692 3.077
0.435 -9.689 3.077
0.475 -9.687 3.077
0.516 -9.684 3.077
0.556 -9.682 3.077
0.596 -9.679 3.077
0.637 -9.676 3.077
0.677 -9.674 3.077
0.717 -9.671 3.077
0.758 -9.669 3.077
0.798 -9.666 3.077
0.838 -9.663 3.077
0.879 -9.661 3.077
0.919 -9.658 3.077
0.959 -9.656 3.077
1.0 -9.653 3.077
1.04 -9.65 3.077
1.08 -9.648 3.077
1.121 -9.645 3.077
1.161 -9.643 3.077
1.202 -9.64 3.077
1.242 -9.637 3.077
1.282 -9.635 3.077
1.323 -9.632 3.077
1.363 -9.63 3.077
1.403 -9.627 3.077
1.444 -9.625 3.077
1.484 -9.622 3.077
1.524 -9.619 3.077
1.565 -9.617 3.077
1.605 -9.614 3.077
1.645 -9.612 3.077
1.686 -9.609 3.077
1.726 -9.606 3.077
1.766 -9.604 3.077
1.807 -9.601 3.077
1.847 -9.599 3.077
1.887 -9.596 3.077
1.928 -9.593 3.077
1.968 -9.591 3.077
2.008 -9.588 3.077
2.049 -9.586 3.077
2.089 -9.583 3.077
2.13 -9.58 3.077
2.17 -9.578 3.077
2.21 -9.575 3.077
2.251 -9.573 3.077
2.291 -9.57 3.077
2.331 -9.567 3.077
2.372 -9.565 3.077
2.412 -9.562 3.077
2.452 -9.56 3.077
2.493 -9.557 3.077
2.533 -9.554 3.077
2.573 -9.552 3.077
2.614 -9.549 3.077
2.654 -9.547 3.077
2.694 -9.544 3.077
2.735 -9.542 3.077
2.775 -9.539 3.077
2.815 -9.536 3.077
2.856 -9.534 3.077
2.896 -9.531 3.077
2.936 -9.529 3.077
2.977 -9.526 3.077
3.017 -9.523 3.077
3.057 -9.521 3.077
3.098 -9.518 3.077
3.138 -9.516 3.077
3.179 -9.513 3.077
3.219 -9.51 3.077
3.259 -9.508 3.077
3.3 -9.505 3.077
3.34 -9.503 3.077
3.38 -9.5 3.077
3.421 -9.497 3.077
3.461 -9.495 3.077
3.501 -9.492 3.077
3.542 -9.49 3.077
3.582 -9.487 3.077
3.622 -9.484 3.077
3.663 -9.482 3.077
3.703 -9.479 3.077
3.743 -9.477 3.077
3.784 -9.474 3.077
3.824 -9.472 3.077
3.864 -9.469 3.077
3.905 -9.466 3.077
3.945 -9.464 3.077
3.985 -9.461 3.077
4.026 -9.459 3.077
4.066 -9.456 3.077
4.106 -9.453 3.077
4.147 -9.451 3.077
4.187 -9.448 3.077
4.228 -9.446 3.077
4.268 -9.443 3.077
4.308 -9.44 3.077
4.349 -9.438 3.077
4.389 -9.435 3.077
4.429 -9.433 3.077
4.47 -9.43 3.077
4.51 -9.427 3.077
4.55 -9.425 3.077
4.591 -9.422 3.077
4.631 -9.42 3.077
4.671 -9.417 3.077
4.712 -9.414 3.077
4.752 -9.412 3.077
4.792 -9.409 3.077
4.833 -9.407 3.077
4.873 -9.404 3.077
4.913 -9.402 3.077
4.954 -9.399 3.077
4.994 -9.396 3.077
5.034 -9.394 3.077
5.075 -9.391 3.077
5.115 -9.389 3.077
5.155 -9.386 3.077
5.196 -9.383 3.077
5.236 -9.381 3.077
5.277 -9.378 3.077
5.317 -9.376 3.077
5.357 -9.373 3.077
5.398 -9.37 3.077
5.438 -9.368 3.077
5.478 -9.365 3.077
5.519 -9.363 3.077
5.559 -9.36 3.077
5.599 -9.357 3.077
5.64 -9.355 3.077
5.68 -9.352 3.077
5.72 -9.35 3.077
5.761 -9.347 3.077
5.801 -9.344 3.077
5.841 -9.342 3.077
5.882 -9.339 3.077
5.922 -9.337 3.077
5.962 -9.334 3.077
6.003 -9.332 3.077
6.043 -9.329 3.077
6.083 -9.326 3.077
6.124 -9.324 3.077
6.164 -9.321 3.077
6.204 -9.319 3.077
6.245 -9.316 3.077
6.285 -9.313 3.077
6.326 -9.311 3.077
6.366 -9.308 3.077
6.406 -9.306 3.077
6.447 -9.303 3.077
6.487 -9.3 3.075
6.527 -9.298 3.07
6.568 -9.295 3.065
6.608 -9.291 3.057
6.648 -9.288 3.048
6.688 -9.284 3.039
6.729 -9.28 3.031
6.769 -9.275 3.024
6.809 -9.27 3.02
6.849 -9.265 3.016
6.889 -9.26 3.013
6.929 -9.255 3.009
6.969 -9.25 3.0
7.009 -9.244 2.987
7.049 -9.237 2.972
7.089 -9.23 2.956
7.129 -9.222 2.939
7.168 -9.214 2.921
7.208 -9.205 2.906
7.247 -9.195 2.89
7.286 -9.185 2.873
7.325 -9.174 2.857
7.364 -9.162 2.839
7.402 -9.15 2.82
7.44 -9.137 2.804
7.478 -9.124 2.791
7.516 -9.109 2.776
7.554 -9.095 2.76
7.591 -9.079 2.742
7.629 -9.063 2.725
7.665 -9.047 2.706
7.702 -9.03 2.686
7.738 -9.011 2.664
7.774 -8.993 2.647
7.809 -8.973 2.633
7.845 -8.953 2.62
7.88 -8.933 2.608
7.914 -8.912 2.597
7.949 -8.891 2.588
7.983 -8.87 2.579
8.017 -8.848 2.571
8.051 -8.826 2.564
8.085 -8.804 2.558
8.119 -8.782 2.553
8.152 -8.759 2.55
8.186 -8.737 2.547
8.219 -8.714 2.541
8.253 -8.691 2.529
8.286 -8.668 2.519
8.318 -8.644 2.509
8.351 -8.62 2.497
8.383 -8.595 2.48
8.415 -8.57 2.461
8.446 -8.545 2.44
8.477 -8.518 2.418
8.507 -8.491 2.396
8.536 -8.464 2.373
8.565 -8.435 2.35
8.593 -8.406 2.333
8.621 -8.377 2.314
8.648 -8.347 2.293
8.675 -8.316 2.273
8.7 -8.285 2.252
8.726 -8.254 2.232
8.75 -8.222 2.212
8.774 -8.189 2.191
8.797 -8.156 2.171
8.82 -8.122 2.153
8.842 -8.089 2.14
8.864 -8.054 2.13
8.885 -8.02 2.121
8.906 -7.986 2.116
8.927 -7.951 2.115
8.948 -7.916 2.119
8.969 -7.882 2.124
8.99 -7.848 2.129
9.012 -7.813 2.135
9.034 -7.779 2.142
9.056 -7.745 2.148
9.078 -7.711 2.154
9.1 -7.678 2.159
9.123 -7.644 2.164
9.145 -7.611 2.169
9.168 -7.577 2.172
9.191 -7.544 2.175
9.214 -7.511 2.177
9.237 -7.478 2.179
9.26 -7.444 2.181
9.283 -7.411 2.182
9.306 -7.378 2.184
