-6.922 9.777 -0.344
-6.967 9.761 -0.355
-7.013 9.744 -0.367
-7.058 9.726 -0.377
-7.103 9.708 -0.388
-7.148 9.69 -0.399
-7.192 9.671 -0.411
-7.237 9.651 -0.421
-7.281 9.631 -0.43
-7.325 9.611 -0.438
-7.369 9.59 -0.443
-7.413 9.569 -0.446
-7.456 9.548 -0.448
-7.5 9.527 -0.449
-7.544 9.506 -0.449
-7.587 9.485 -0.45
-7.631 9.464 -0.45
-7.675 9.443 -0.45
-7.718 9.422 -0.451
-7.762 9.401 -0.456
-7.806 9.379 -0.464
-7.849 9.357 -0.472
-7.892 9.335 -0.479
-7.935 9.313 -0.485
-7.978 9.29 -0.496
-8.02 9.267 -0.509
-8.063 9.243 -0.523
-8.105 9.218 -0.539
-8.146 9.193 -0.556
-8.187 9.167 -0.574
-8.228 9.141 -0.593
-8.268 9.113 -0.612
-8.307 9.085 -0.631
-8.346 9.056 -0.651
-8.384 9.027 -0.672
-8.422 8.996 -0.691
-8.459 8.965 -0.707
-8.496 8.933 -0.72
-8.532 8.901 -0.735
-8.568 8.868 -0.75
-8.603 8.835 -0.769
-8.638 8.801 -0.79
-8.672 8.766 -0.812
-8.705 8.731 -0.833
-8.737 8.695 -0.852
-8.769 8.658 -0.869
-8.8 8.621 -0.885
-8.831 8.583 -0.903
-8.861 8.545 -0.918
-8.89 8.506 -0.935
-8.918 8.467 -0.956
-8.946 8.427 -0.978
-8.973 8.386 -1.0
-8.999 8.345 -1.024
-9.023 8.304 -1.047
-9.047 8.261 -1.071
-9.07 8.219 -1.094
-9.092 8.175 -1.113
-9.113 8.132 -1.125
-9.134 8.088 -1.14
-9.154 8.044 -1.158
-9.173 7.999 -1.177
-9.191 7.954 -1.195
-9.209 7.909 -1.217
-9.225 7.863 -1.24
-9.241 7.817 -1.263
-9.255 7.771 -1.286
-9.268 7.724 -1.31
-9.28 7.677 -1.332
-9.291 7.63 -1.355
-9.301 7.582 -1.378
-9.31 7.535 -1.4
-9.318 7.487 -1.419
-9.325 7.439 -1.435
-9.331 7.391 -1.453
-9.337 7.343 -1.469
-9.342 7.294 -1.483
-9.346 7.246 -1.496
-9.349 7.198 -1.511
-9.352 7.149 -1.526
-9.353 7.101 -1.541
-9.355 7.052 -1.554
-9.355 7.004 -1.567
-9.355 6.955 -1.575
-9.355 6.907 -1.583
-9.354 6.858 -1.589
-9.353 6.81 -1.594
-9.352 6.761 -1.6
-9.35 6.713 -1.605
-9.349 6.664 -1.609
-9.347 6.616 -1.613
-9.345 6.567 -1.617
-9.342 6.519 -1.62
-9.34 6.47 -1.622
-9.337 6.422 -1.624
-9.335 6.373 -1.624
-9.332 6.325 -1.624
-9.33 6.276 -1.624
-9.327 6.228 -1.624
-9.325 6.18 -1.624
-9.322 6.131 -1.624
-9.319 6.083 -1.624
-9.317 6.034 -1.624
-9.314 5.986 -1.624
-9.312 5.937 -1.624
-9.309 5.889 -1.624
-9.306 5.84 -1.624
-9.304 5.792 -1.624
-9.301 5.744 -1.624
-9.299 5.695 -1.624
-9.296 5.647 -1.624
-9.293 5.598 -1.624
-9.291 5.55 -1.624
-9.288 5.501 -1.624
-9.286 5.453 -1.624
-9.283 5.404 -1.624
-9.281 5.356 -1.624
-9.278 5.308 -1.624
-9.275 5.259 -1.624
-9.273 5.211 -1.624
-9.27 5.162 -1.624
-9.268 5.114 -1.624
-9.265 5.065 -1.624
-9.262 5.017 -1.624
-9.26 4.968 -1.624
-9.257 4.92 -1.624
-9.255 4.871 -1.624
-9.252 4.823 -1.624
-9.249 4.775 -1.624
-9.247 4.726 -1.624
-9.244 4.678 -1.624
-9.242 4.629 -1.624
-9.239 4.581 -1.624
-9.237 4.532 -1.624
-9.234 4.484 -1.624
-9.231 4.435 -1.624
-9.229 4.387 -1.624
-9.226 4.339 -1.624
-9.224 4.29 -1.624
-9.221 4.242 -1.624
-9.218 4.193 -1.62
-9.216 4.145 -1.612
-9.214 4.096 -1.603
-9.213 4.048 -1.593
-9.212 3.999 -1.583
-9.212 3.951 -1.573
-9.212 3.902 -1.562
-9.212 3.854 -1.551
-9.214 3.805 -1.542
-9.215 3.757 -1.535
-9.217 3.708 -1.527
-9.219 3.66 -1.517
-9.222 3.611 -1.509
-9.225 3.563 -1.502
-9.229 3.515 -1.496
-9.232 3.466 -1.489
-9.236 3.418 -1.483
-9.241 3.37 -1.478
-9.245 3.321 -1.474
-9.25 3.273 -1.472
-9.255 3.225 -1.471
-9.26 3.176 -1.471
-9.265 3.128 -1.47
-9.269 3.08 -1.47
-9.274 3.032 -1.47
-9.279 2.983 -1.47
-9.284 2.935 -1.47
-9.289 2.887 -1.47
-9.294 2.839 -1.47
-9.299 2.79 -1.47
-9.304 2.742 -1.47
-9.309 2.694 -1.47
-9.313 2.645 -1.47
-9.318 2.597 -1.47
-9.323 2.549 -1.47
-9.328 2.501 -1.47
-9.333 2.452 -1.47
-9.338 2.404 -1.47
-9.343 2.356 -1.47
-9.348 2.308 -1.47
-9.353 2.259 -1.47
-9.358 2.211 -1.47
-9.362 2.163 -1.47
-9.367 2.115 -1.47
-9.372 2.066 -1.47
-9.377 2.018 -1.47
-9.382 1.97 -1.47
-9.387 1.921 -1.47
-9.392 1.873 -1.47
-9.397 1.825 -1.47
-9.402 1.777 -1.47
-9.407 1.728 -1.47
-9.411 1.68 -1.47
-9.416 1.632 -1.47
-9.421 1.584 -1.47
-9.426 1.535 -1.47
-9.431 1.487 -1.47
-9.436 1.439 -1.47
-9.441 1.39 -1.47
-9.446 1.342 -1.47
-9.451 1.294 -1.47
-9.456 1.246 -1.47
-9.46 1.197 -1.47
-9.465 1.149 -1.47
-9.47 1.101 -1.47
-9.475 1.053 -1.47
-9.48 1.004 -1.47
-9.485 0.956 -1.47
-9.49 0.908 -1.475
-9.494 0.86 -1.481
-9.499 0.811 -1.489
-9.502 0.763 -1.496
-9.506 0.714 -1.505
-9.509 0.666 -1.516
-9.511 0.618 -1.529
-9.513 0.569 -1.543
-9.514 0.521 -1.558
-9.515 0.472 -1.574
-9.514 0.424 -1.588
-9.513 0.375 -1.601
-9.511 0.327 -1.612
-9.509 0.278 -1.622
-9.507 0.23 -1.632
-9.503 0.181 -1.64
-9.5 0.133 -1.648
-9.496 0.084 -1.654
-9.492 0.036 -1.659
-9.488 -0.012 -1.663
-9.483 -0.061 -1.665
-9.478 -0.109 -1.668
-9.474 -0.157 -1.669
-9.469 -0.205 -1.67
-9.464 -0.254 -1.671
-9.459 -0.302 -1.671
-9.454 -0.35 -1.671
-9.45 -0.398 -1.671
-9.445 -0.447 -1.671
-9.44 -0.495 -1.671
-9.435 -0.543 -1.671
-9.43 -0.592 -1.671
-9.425 -0.64 -1.671
-9.42 -0.688 -1.671
-9.416 -0.736 -1.671
-9.411 -0.785 -1.671
-9.406 -0.833 -1.671
-9.401 -0.881 -1.671
-9.396 -0.929 -1.671
-9.391 -0.978 -1.671
-9.386 -1.026 -1.671
-9.381 -1.074 -1.671
-9.377 -1.123 -1.671
-9.372 -1.171 -1.671
-9.367 -1.219 -1.671
-9.362 -1.267 -1.671
-9.357 -1.316 -1.671
-9.352 -1.364 -1.671
-9.347 -1.412 -1.671
-9.342 -1.46 -1.671
-9.338 -1.509 -1.671
-9.333 -1.557 -1.671
-9.328 -1.605 -1.671
-9.323 -1.653 -1.671
-9.318 -1.702 -1.671
-9.313 -1.75 -1.671
-9.308 -1.798 -1.671
-9.303 -1.847 -1.671
-9.299 -1.895 -1.671
-9.294 -1.943 -1.671
-9.289 -1.991 -1.666
-9.284 -2.04 -1.659
-9.28 -2.088 -1.65
-9.277 -2.136 -1.641
-9.273 -2.185 -1.631
-9.271 -2.233 -1.62
-9.269 -2.282 -1.611
-9.267 -2.33 -1.603
-9.265 -2.379 -1.595
-9.264 -2.427 -1.586
-9.264 -2.476 -1.575
-9.264 -2.524 -1.565
-9.264 -2.573 -1.555
-9.265 -2.621 -1.546
-9.267 -2.67 -1.536
-9.268 -2.718 -1.528
-9.271 -2.767 -1.52
-9.273 -2.815 -1.512
-9.276 -2.864 -1.506
-9.279 -2.912 -1.501
-9.283 -2.96 -1.499
-9.286 -3.009 -1.497
-9.29 -3.057 -1.496
-9.294 -3.106 -1.496
-9.297 -3.154 -1.495
-9.301 -3.202 -1.495
-9.305 -3.251 -1.495
-9.308 -3.299 -1.495
-9.312 -3.347 -1.495
-9.316 -3.396 -1.495
-9.319 -3.444 -1.495
-9.323 -3.493 -1.495
-9.327 -3.541 -1.495
-9.33 -3.589 -1.495
-9.334 -3.638 -1.495
-9.338 -3.686 -1.495
-9.341 -3.734 -1.495
-9.345 -3.783 -1.495
-9.349 -3.831 -1.495
-9.353 -3.88 -1.495
-9.356 -3.928 -1.495
-9.36 -3.976 -1.495
-9.364 -4.025 -1.495
-9.367 -4.073 -1.495
-9.371 -4.121 -1.495
-9.375 -4.17 -1.495
-9.378 -4.218 -1.495
-9.382 -4.267 -1.495
-9.386 -4.315 -1.495
-9.389 -4.363 -1.495
-9.393 -4.412 -1.495
-9.397 -4.46 -1.495
-9.4 -4.508 -1.495
-9.404 -4.557 -1.495
-9.408 -4.605 -1.495
-9.412 -4.654 -1.495
-9.415 -4.702 -1.495
-9.419 -4.75 -1.495
-9.423 -4.799 -1.495
-9.426 -4.847 -1.495
-9.43 -4.895 -1.495
-9.434 -4.944 -1.495
-9.437 -4.992 -1.495
-9.441 -5.041 -1.495
-9.445 -5.089 -1.495
-9.448 -5.137 -1.495
-9.452 -5.186 -1.495
-9.456 -5.234 -1.495
-9.459 -5.282 -1.495
-9.463 -5.331 -1.495
-9.467 -5.379 -1.495
-9.471 -5.428 -1.495
-9.474 -5.476 -1.495
-9.478 -5.524 -1.495
-9.482 -5.573 -1.495
-9.485 -5.621 -1.506
-9.488 -5.669 -1.518
-9.49 -5.718 -1.53
-9.492 -5.766 -1.542
-9.493 -5.815 -1.556
-9.494 -5.863 -1.571
-9.493 -5.912 -1.588
-9.492 -5.96 -1.604
-9.49 -6.009 -1.62
-9.488 -6.057 -1.634
-9.484 -6.106 -1.645
-9.481 -6.154 -1.654
-9.476 -6.202 -1.661
-9.472 -6.251 -1.668
-9.467 -6.299 -1.678
-9.462 -6.347 -1.689
-9.456 -6.395 -1.7
-9.449 -6.444 -1.71
-9.443 -6.492 -1.719
-9.435 -6.539 -1.73
-9.427 -6.587 -1.741
-9.419 -6.635 -1.751
-9.41 -6.683 -1.762
-9.401 -6.73 -1.773
-9.391 -6.778 -1.783
-9.38 -6.825 -1.793
-9.369 -6.873 -1.802
-9.358 -6.92 -1.811
-9.346 -6.967 -1.818
-9.334 -7.014 -1.822
-9.322 -7.061 -1.825
-9.31 -7.108 -1.826
-9.298 -7.155 -1.827
-9.286 -7.202 -1.828
-9.273 -7.249 -1.828
-9.261 -7.296 -1.828
-9.249 -7.342 -1.828
-9.236 -7.389 -1.828
-9.224 -7.436 -1.828
-9.212 -7.483 -1.828
-9.199 -7.53 -1.828
-9.187 -7.577 -1.828
-9.174 -7.624 -1.828
-9.162 -7.671 -1.828
-9.15 -7.718 -1.828
-9.137 -7.765 -1.834
-9.125 -7.811 -1.841
-9.111 -7.858 -1.847
-9.098 -7.905 -1.854
-9.084 -7.951 -1.866
-9.07 -7.998 -1.88
-9.055 -8.044 -1.893
-9.039 -8.09 -1.908
-9.023 -8.135 -1.925
-9.006 -8.181 -1.942
-8.988 -8.226 -1.959
-8.969 -8.271 -1.974
-8.95 -8.315 -1.989
-8.93 -8.359 -2.003
-8.91 -8.403 -2.015
-8.889 -8.447 -2.03
-8.867 -8.491 -2.046
-8.844 -8.534 -2.062
-8.821 -8.576 -2.077
-8.798 -8.618 -2.093
-8.773 -8.66 -2.112
-8.748 -8.702 -2.132
-8.722 -8.743 -2.153
-8.695 -8.783 -2.175
-8.667 -8.823 -2.198
-8.638 -8.862 -2.217
-8.608 -8.9 -2.232
-8.578 -8.938 -2.245
-8.548 -8.976 -2.255
-8.517 -9.014 -2.264
-8.486 -9.051 -2.278
-8.454 -9.087 -2.297
-8.422 -9.123 -2.317
-8.389 -9.159 -2.338
-8.355 -9.194 -2.357
-8.32 -9.228 -2.379
-8.285 -9.261 -2.402
-8.249 -9.293 -2.425
-8.212 -9.325 -2.448
-8.174 -9.355 -2.472
-8.136 -9.385 -2.496
-8.097 -9.414 -2.52
-8.057 -9.442 -2.541
-8.017 -9.469 -2.561
-7.976 -9.495 -2.583
-7.935 -9.521 -2.601
-7.893 -9.545 -2.621
-7.851 -9.569 -2.639
-7.808 -9.592 -2.657
-7.765 -9.615 -2.678
-7.721 -9.636 -2.7
-7.677 -9.656 -2.719
-7.633 -9.676 -2.739
-7.588 -9.695 -2.761
-7.543 -9.712 -2.784
-7.497 -9.729 -2.807
-7.451 -9.744 -2.828
-7.405 -9.759 -2.849
-7.359 -9.773 -2.871
-7.312 -9.785 -2.894
-7.265 -9.797 -2.918
-7.217 -9.807 -2.938
-7.17 -9.816 -2.959
-7.122 -9.825 -2.98
-7.074 -9.832 -3.003
-7.026 -9.839 -3.02
-6.978 -9.844 -3.036
-6.929 -9.849 -3.053
-6.881 -9.853 -3.071
-6.833 -9.856 -3.088
-6.784 -9.858 -3.106
-6.736 -9.86 -3.125
-6.687 -9.86 -3.141
-6.639 -9.86 3.128
-6.59 -9.859 3.115
-6.542 -9.858 3.107
-6.493 -9.856 3.101
-6.445 -9.854 3.097
-6.396 -9.852 3.091
-6.348 -9.849 3.083
-6.299 -9.846 3.074
-6.251 -9.843 3.064
-6.203 -9.839 3.054
-6.154 -9.834 3.046
-6.106 -9.829 3.038
-6.058 -9.824 3.029
-6.01 -9.819 3.021
-5.961 -9.813 3.013
-5.913 -9.806 3.005
-5.865 -9.799 2.998
-5.817 -9.792 2.991
-5.769 -9.785 2.985
-5.721 -9.777 2.981
-5.674 -9.77 2.979
-5.626 -9.762 2.978
-5.578 -9.754 2.978
-5.53 -9.746 2.979
-5.482 -9.738 2.98
-5.434 -9.73 2.983
-5.386 -9.723 2.986
-5.338 -9.715 2.987
-5.29 -9.708 2.988
-5.242 -9.7 2.989
-5.194 -9.693 2.989
-5.147 -9.686 2.989
-5.099 -9.678 2.99
-5.051 -9.671 2.99
-5.003 -9.664 2.99
-4.955 -9.656 2.99
-4.907 -9.649 2.99
-4.859 -9.642 2.99
-4.811 -9.634 2.99
-4.763 -9.627 2.99
-4.715 -9.62 2.99
-4.667 -9.612 2.99
-4.619 -9.605 2.996
-4.571 -9.598 3.003
-4.523 -9.592 3.011
-4.475 -9.585 3.018
-4.427 -9.579 3.024
-4.378 -9.574 3.033
-4.33 -9.569 3.042
-4.282 -9.564 3.05
-4.234 -9.56 3.056
-4.185 -9.556 3.062
-4.137 -9.552 3.075
-4.088 -9.549 3.088
-4.04 -9.547 3.101
-3.991 -9.545 3.114
-3.943 -9.544 3.127
-3.894 -9.544 -3.141
-3.846 -9.544 -3.127
-3.797 -9.545 -3.115
-3.749 -9.546 -3.104
-3.7 -9.548 -3.095
-3.652 -9.551 -3.087
-3.604 -9.554 -3.08
-3.555 -9.557 -3.074
-3.507 -9.56 -3.068
-3.458 -9.564 -3.062
-3.41 -9.568 -3.056
-3.362 -9.572 -3.051
-3.313 -9.576 -3.047
-3.265 -9.581 -3.043
-3.217 -9.586 -3.04
-3.169 -9.591 -3.039
-3.12 -9.596 -3.038
-3.072 -9.601 -3.037
-3.024 -9.606 -3.037
-2.976 -9.611 -3.037
-2.927 -9.616 -3.037
-2.879 -9.621 -3.037
-2.831 -9.626 -3.037
-2.783 -9.631 -3.037
-2.734 -9.636 -3.037
-2.686 -9.641 -3.037
-2.638 -9.647 -3.037
-2.59 -9.652 -3.037
-2.541 -9.657 -3.037
-2.493 -9.662 -3.037
-2.445 -9.667 -3.037
-2.397 -9.672 -3.037
-2.348 -9.677 -3.037
-2.3 -9.682 -3.037
-2.252 -9.687 -3.037
-2.204 -9.692 -3.037
-2.155 -9.697 -3.037
-2.107 -9.702 -3.037
-2.059 -9.708 -3.037
-2.011 -9.713 -3.037
-1.962 -9.718 -3.037
-1.914 -9.723 -3.037
-1.866 -9.728 -3.037
-1.818 -9.733 -3.037
-1.769 -9.738 -3.037
-1.721 -9.743 -3.037
-1.673 -9.748 -3.037
-1.625 -9.753 -3.037
-1.576 -9.758 -3.037
-1.528 -9.763 -3.037
-1.48 -9.769 -3.037
-1.432 -9.774 -3.037
-1.383 -9.779 -3.04
-1.335 -9.783 -3.048
-1.287 -9.788 -3.056
-1.238 -9.792 -3.063
-1.19 -9.796 -3.068
-1.142 -9.799 -3.075
-1.093 -9.802 -3.084
-1.045 -9.805 -3.093
-0.996 -9.807 -3.104
-0.948 -9.809 -3.115
-0.899 -9.81 -3.127
-0.851 -9.81 -3.138
-0.802 -9.81 3.137
-0.754 -9.81 3.127
-0.705 -9.809 3.118
-0.657 -9.808 3.109
-0.608 -9.806 3.101
-0.56 -9.804 3.093
-0.511 -9.801 3.086
-0.463 -9.798 3.081
-0.415 -9.795 3.078
-0.366 -9.792 3.077
-0.318 -9.789 3.076
-0.269 -9.786 3.075
-0.221 -9.783 3.075
-0.172 -9.78 3.075
-0.124 -9.776 3.075
-0.076 -9.773 3.075
-0.027 -9.77 3.075
0.021 -9.767 3.075
0.07 -9.763 3.075
0.118 -9.76 3.075
0.166 -9.757 3.075
0.215 -9.754 3.075
0.263 -9.75 3.075
0.312 -9.747 3.075
0.36 -9.744 3.075
0.408 -9.741 3.075
0.457 -9.737 3.075
0.505 -9.734 3.075
0.554 -9.731 3.075
0.602 -9.728 3.075
0.65 -9.724 3.075
0.699 -9.721 3.075
0.747 -9.718 3.075
0.796 -9.715 3.075
0.844 -9.711 3.075
0.892 -9.708 3.075
0.941 -9.705 3.075
0.989 -9.702 3.075
1.038 -9.698 3.075
1.086 -9.695 3.075
1.135 -9.692 3.075
1.183 -9.689 3.075
1.231 -9.685 3.075
1.28 -9.682 3.075
1.328 -9.679 3.075
1.377 -9.676 3.075
1.425 -9.672 3.075
1.473 -9.669 3.075
1.522 -9.666 3.075
1.57 -9.663 3.075
1.619 -9.659 3.075
1.667 -9.656 3.075
1.715 -9.653 3.075
1.764 -9.65 3.075
1.812 -9.646 3.075
1.861 -9.643 3.075
1.909 -9.64 3.075
1.957 -9.637 3.075
2.006 -9.633 3.075
2.054 -9.63 3.075
2.103 -9.627 3.075
2.151 -9.624 3.075
2.199 -9.62 3.075
2.248 -9.617 3.075
2.296 -9.614 3.075
2.345 -9.611 3.075
2.393 -9.607 3.075
2.442 -9.604 3.075
2.49 -9.601 3.075
2.538 -9.598 3.075
2.587 -9.594 3.075
2.635 -9.591 3.075
2.684 -9.588 3.075
2.732 -9.585 3.075
2.78 -9.581 3.075
2.829 -9.578 3.075
2.877 -9.575 3.075
2.926 -9.572 3.075
2.974 -9.568 3.075
3.022 -9.565 3.075
3.071 -9.562 3.075
3.119 -9.559 3.075
3.168 -9.555 3.075
3.216 -9.552 3.075
3.264 -9.549 3.075
3.313 -9.546 3.075
3.361 -9.542 3.075
3.41 -9.539 3.075
3.458 -9.536 3.075
3.506 -9.533 3.075
3.555 -9.529 3.075
3.603 -9.526 3.075
3.652 -9.523 3.075
3.7 -9.52 3.075
3.748 -9.516 3.075
3.797 -9.513 3.075
3.845 -9.51 3.075
3.894 -9.507 3.075
3.942 -9.504 3.075
3.991 -9.5 3.075
4.039 -9.497 3.075
4.087 -9.494 3.075
4.136 -9.491 3.075
4.184 -9.487 3.075
4.233 -9.484 3.075
4.281 -9.481 3.075
4.329 -9.478 3.075
4.378 -9.474 3.075
4.426 -9.471 3.075
4.475 -9.468 3.075
4.523 -9.465 3.075
4.571 -9.461 3.075
4.62 -9.458 3.075
4.668 -9.455 3.075
4.717 -9.452 3.075
4.765 -9.448 3.075
4.813 -9.445 3.075
4.862 -9.442 3.075
4.91 -9.439 3.075
4.959 -9.435 3.075
5.007 -9.432 3.075
5.055 -9.429 3.075
5.104 -9.426 3.075
5.152 -9.422 3.075
5.201 -9.419 3.075
5.249 -9.416 3.075
5.298 -9.413 3.075
5.346 -9.409 3.075
5.394 -9.406 3.075
5.443 -9.403 3.075
5.491 -9.4 3.075
5.54 -9.396 3.075
5.588 -9.393 3.075
5.636 -9.39 3.075
5.685 -9.387 3.075
5.733 -9.383 3.075
5.782 -9.38 3.075
5.83 -9.377 3.075
5.878 -9.374 3.075
5.927 -9.37 3.075
5.975 -9.367 3.075
6.024 -9.364 3.075
6.072 -9.361 3.075
6.12 -9.357 3.075
6.169 -9.354 3.075
6.217 -9.351 3.075
6.266 -9.348 3.075
6.314 -9.344 3.075
6.362 -9.341 3.072
6.411 -9.338 3.064
6.459 -9.334 3.054
6.508 -9.329 3.042
6.556 -9.324 3.03
6.604 -9.319 3.019
6.652 -9.312 3.009
6.7 -9.306 3.0
6.748 -9.299 2.995
6.796 -9.292 2.99
6.844 -9.284 2.981
6.892 -9.276 2.967
6.94 -9.268 2.95
6.987 -9.258 2.934
7.035 -9.248 2.921
7.082 -9.237 2.906
7.129 -9.225 2.889
7.176 -9.213 2.87
7.223 -9.199 2.848
7.269 -9.185 2.829
7.315 -9.17 2.813
7.361 -9.154 2.796
7.406 -9.137 2.777
7.452 -9.12 2.759
7.496 -9.101 2.739
7.541 -9.082 2.717
7.585 -9.061 2.697
7.629 -9.04 2.679
7.672 -9.018 2.664
7.715 -8.996 2.646
7.757 -8.972 2.627
7.799 -8.948 2.608
7.841 -8.923 2.588
7.882 -8.897 2.569
7.923 -8.871 2.549
7.963 -8.843 2.527
8.002 -8.815 2.504
8.041 -8.786 2.483
8.079 -8.756 2.464
8.117 -8.725 2.446
8.154 -8.694 2.43
8.19 -8.662 2.416
8.226 -8.63 2.405
8.262 -8.597 2.395
8.298 -8.564 2.379
8.332 -8.53 2.36
8.367 -8.496 2.34
8.4 -8.461 2.319
8.433 -8.425 2.301
8.465 -8.388 2.284
8.496 -8.352 2.267
8.527 -8.314 2.248
8.557 -8.276 2.23
8.587 -8.238 2.212
8.616 -8.198 2.197
8.644 -8.159 2.184
8.672 -8.119 2.172
8.699 -8.079 2.158
8.726 -8.039 2.146
8.752 -7.998 2.134
8.778 -7.957 2.122
8.803 -7.915 2.11
8.828 -7.873 2.099
8.852 -7.831 2.091
8.876 -7.789 2.083
8.899 -7.747 2.077
8.923 -7.704 2.069
8.946 -7.662 2.055
8.968 -7.619 2.035
8.99 -7.575 2.014
9.01 -7.531 1.992
9.029 -7.487 1.969
9.048 -7.442 1.946
9.065 -7.396 1.922
9.082 -7.351 1.901
9.097 -7.305 1.88
9.111 -7.258 1.858
9.125 -7.212 1.835
9.137 -7.165 1.813
9.148 -7.118 1.793
9.159 -7.07 1.776
9.168 -7.023 1.76
9.177 -6.975 1.742
9.185 -6.927 1.724
9.192 -6.879 1.704
9.198 -6.831 1.683
9.203 -6.783 1.66
9.207 -6.734 1.637
9.21 -6.686 1.613
9.211 -6.637 1.59
9.212 -6.589 1.569
9.212 -6.54 1.552
9.21 -6.492 1.538
9.209 -6.443 1.526
9.206 -6.395 1.518
9.204 -6.347 1.513
9.201 -6.298 1.509
9.198 -6.25 1.506
9.194 -6.201 1.497
9.191 -6.153 1.489
9.187 -6.105 1.481
9.182 -6.056 1.474
9.177 -6.008 1.464
9.172 -5.96 1.455
9.166 -5.912 1.444
9.16 -5.864 1.434
9.153 -5.815 1.425
9.146 -5.767 1.418
9.138 -5.72 1.411
9.13 -5.672 1.404
9.122 -5.624 1.398
9.114 -5.576 1.392
9.105 -5.528 1.387
9.096 -5.481 1.383
9.087 -5.433 1.38
9.078 -5.385 1.378
9.068 -5.338 1.377
9.059 -5.29 1.378
9.05 -5.243 1.381
9.041 -5.195 1.384
9.032 -5.147 1.388
9.023 -5.1 1.392
9.014 -5.052 1.395
9.006 -5.004 1.396
8.997 -4.956 1.397
8.989 -4.908 1.397
8.981 -4.861 1.397
8.972 -4.813 1.398
8.964 -4.765 1.398
8.956 -4.717 1.398
8.947 -4.669 1.398
8.939 -4.622 1.398
8.931 -4.574 1.398
8.922 -4.526 1.398
8.914 -4.478 1.398
8.906 -4.431 1.398
8.897 -4.383 1.401
8.889 -4.335 1.406
8.881 -4.287 1.415
8.874 -4.239 1.427
8.867 -4.191 1.439
8.861 -4.143 1.451
8.856 -4.095 1.465
8.851 -4.046 1.48
8.847 -3.998 1.494
8.843 -3.95 1.507
8.84 -3.901 1.518
8.838 -3.853 1.526
8.836 -3.804 1.532
8.834 -3.756 1.537
8.832 -3.707 1.541
8.831 -3.659 1.543
8.83 -3.61 1.545
8.828 -3.562 1.547
8.827 -3.513 1.553
8.827 -3.465 1.561
8.826 -3.416 1.57
8.826 -3.368 1.578
8.827 -3.319 1.584
8.828 -3.271 1.592
8.829 -3.222 1.603
8.831 -3.174 1.615
8.833 -3.125 1.625
8.836 -3.077 1.638
8.839 -3.029 1.65
8.843 -2.98 1.662
8.848 -2.932 1.673
8.853 -2.884 1.682
8.859 -2.835 1.691
8.865 -2.787 1.7
8.871 -2.739 1.707
8.878 -2.691 1.713
8.885 -2.643 1.719
8.892 -2.595 1.724
8.899 -2.547 1.728
8.907 -2.499 1.732
8.915 -2.451 1.737
8.923 -2.404 1.742
8.931 -2.356 1.746
8.94 -2.308 1.749
8.949 -2.26 1.751
8.957 -2.213 1.752
8.966 -2.165 1.753
8.975 -2.117 1.754
8.984 -2.069 1.754
8.993 -2.022 1.754
9.001 -1.974 1.754
9.01 -1.926 1.754
9.019 -1.879 1.754
9.028 -1.831 1.754
9.037 -1.783 1.754
9.046 -1.736 1.754
9.054 -1.688 1.754
9.063 -1.64 1.754
9.072 -1.592 1.754
9.081 -1.545 1.752
9.09 -1.497 1.745
9.098 -1.449 1.737
9.106 -1.401 1.729
9.113 -1.353 1.716
9.12 -1.305 1.702
9.126 -1.257 1.686
9.131 -1.209 1.673
9.136 -1.161 1.66
9.14 -1.112 1.645
9.143 -1.064 1.628
9.146 -1.016 1.609
9.147 -0.967 1.59
9.148 -0.919 1.57
9.148 -0.87 1.552
9.146 -0.821 1.536
9.144 -0.773 1.522
9.142 -0.725 1.511
9.139 -0.676 1.504
9.135 -0.628 1.498
9.132 -0.579 1.494
9.128 -0.531 1.49
9.124 -0.483 1.485
9.12 -0.434 1.48
9.115 -0.386 1.476
9.111 -0.338 1.472
9.106 -0.289 1.467
9.101 -0.241 1.461
9.095 -0.193 1.456
9.09 -0.145 1.452
9.084 -0.097 1.448
9.078 -0.048 1.446
9.072 0.0 1.443
9.066 0.048 1.442
9.059 0.096 1.44
9.053 0.144 1.442
9.047 0.192 1.448
9.041 0.24 1.456
9.036 0.288 1.467
9.031 0.337 1.479
9.027 0.385 1.491
9.023 0.433 1.502
9.02 0.482 1.511
9.017 0.53 1.523
9.015 0.579 1.535
9.013 0.627 1.547
9.013 0.676 1.559
9.012 0.724 1.571
9.012 0.773 1.584
9.013 0.821 1.596
9.015 0.87 1.608
9.017 0.918 1.619
9.019 0.967 1.629
9.022 1.015 1.636
9.026 1.064 1.644
9.029 1.112 1.651
9.033 1.16 1.656
9.037 1.209 1.66
9.042 1.257 1.662
9.046 1.305 1.664
9.051 1.354 1.665
9.055 1.402 1.666
9.06 1.45 1.666
9.065 1.498 1.666
9.069 1.547 1.667
9.074 1.595 1.667
9.079 1.643 1.667
9.083 1.692 1.667
9.088 1.74 1.667
9.092 1.788 1.667
9.097 1.836 1.667
9.102 1.885 1.667
9.106 1.933 1.667
9.111 1.981 1.667
9.116 2.03 1.667
9.12 2.078 1.667
9.125 2.126 1.667
9.13 2.175 1.667
9.134 2.223 1.667
9.139 2.271 1.667
9.144 2.319 1.667
9.148 2.368 1.666
9.153 2.416 1.663
9.157 2.464 1.651
9.161 2.513 1.637
9.164 2.561 1.623
9.166 2.61 1.609
9.167 2.658 1.594
9.168 2.707 1.584
9.169 2.755 1.574
9.169 2.804 1.564
9.168 2.852 1.554
9.167 2.901 1.544
9.166 2.949 1.534
9.164 2.998 1.523
9.161 3.046 1.512
9.158 3.094 1.503
9.155 3.143 1.495
9.151 3.191 1.488
9.147 3.24 1.479
9.142 3.288 1.47
9.137 3.336 1.462
9.132 3.384 1.455
9.126 3.433 1.45
9.12 3.481 1.445
9.114 3.529 1.442
9.108 3.577 1.439
9.101 3.625 1.438
9.095 3.673 1.433
9.088 3.721 1.427
9.081 3.769 1.422
9.074 3.817 1.417
9.066 3.865 1.413
9.059 3.913 1.409
9.051 3.961 1.406
9.043 4.009 1.403
9.035 4.056 1.401
9.026 4.104 1.4
9.018 4.152 1.399
9.01 4.2 1.398
9.001 4.248 1.397
8.993 4.295 1.397
8.985 4.343 1.397
8.976 4.391 1.397
8.968 4.439 1.397
8.959 4.487 1.397
8.951 4.534 1.397
8.943 4.582 1.397
8.934 4.63 1.397
8.926 4.678 1.397
8.918 4.726 1.397
8.909 4.773 1.397
8.901 4.821 1.397
8.892 4.869 1.397
8.884 4.917 1.397
8.876 4.964 1.397
8.867 5.012 1.397
8.859 5.06 1.397
8.85 5.108 1.397
8.842 5.156 1.397
8.834 5.203 1.397
8.825 5.251 1.397
8.817 5.299 1.397
8.809 5.347 1.397
8.8 5.395 1.397
8.792 5.442 1.397
8.783 5.49 1.397
8.775 5.538 1.397
8.767 5.586 1.397
8.758 5.633 1.397
8.75 5.681 1.397
8.741 5.729 1.397
8.733 5.777 1.397
8.725 5.825 1.397
8.716 5.872 1.397
8.708 5.92 1.397
8.7 5.968 1.397
8.691 6.016 1.397
8.683 6.064 1.397
8.674 6.111 1.397
8.666 6.159 1.397
8.658 6.207 1.397
8.649 6.255 1.397
8.641 6.302 1.397
8.632 6.35 1.397
8.624 6.398 1.397
8.616 6.446 1.397
8.607 6.494 1.397
8.599 6.541 1.397
8.59 6.589 1.397
8.582 6.637 1.397
8.574 6.685 1.397
8.565 6.733 1.397
8.557 6.78 1.397
8.549 6.828 1.397
8.54 6.876 1.397
8.532 6.924 1.397
8.523 6.971 1.397
8.515 7.019 1.397
8.507 7.067 1.397
8.498 7.115 1.397
8.49 7.163 1.397
8.481 7.21 1.397
8.473 7.258 1.397
8.465 7.306 1.397
8.456 7.354 1.397
8.448 7.401 1.397
8.44 7.449 1.397
8.431 7.497 1.397
8.423 7.545 1.397
8.414 7.593 1.397
8.406 7.64 1.397
8.398 7.688 1.397
8.389 7.736 1.394
8.381 7.784 1.388
8.372 7.831 1.381
8.362 7.879 1.373
8.353 7.927 1.362
8.342 7.974 1.35
8.332 8.021 1.338
8.32 8.068 1.324
8.308 8.115 1.308
8.295 8.162 1.292
8.281 8.209 1.277
8.267 8.255 1.266
8.252 8.301 1.256
8.237 8.347 1.245
8.221 8.393 1.23
8.205 8.439 1.21
8.187 8.484 1.191
8.169 8.529 1.172
8.15 8.574 1.15
8.13 8.618 1.129
8.109 8.661 1.11
8.087 8.705 1.088
8.064 8.748 1.066
8.04 8.79 1.044
8.015 8.832 1.022
7.99 8.873 1.002
7.963 8.913 0.981
7.936 8.954 0.959
7.908 8.993 0.936
7.879 9.032 0.912
7.849 9.07 0.889
7.818 9.107 0.865
7.786 9.144 0.841
7.753 9.18 0.817
7.72 9.215 0.794
7.686 9.249 0.774
7.651 9.283 0.758
7.615 9.316 0.74
7.579 9.348 0.721
7.542 9.38 0.703
7.505 9.411 0.682
7.467 9.442 0.66
7.429 9.471 0.638
7.389 9.5 0.614
7.35 9.527 0.591
7.309 9.554 0.567
7.268 9.58 0.543
7.226 9.604 0.519
7.184 9.628 0.495
7.141 9.651 0.471
7.098 9.672 0.447
7.054 9.693 0.426
7.009 9.713 0.405
6.965 9.731 0.383
6.919 9.749 0.36
6.874 9.766 0.336
6.828 9.781 0.313
6.782 9.796 0.289
6.735 9.809 0.266
6.688 9.822 0.242
6.641 9.833 0.218
6.593 9.843 0.194
6.546 9.852 0.171
6.498 9.86 0.152
6.45 9.867 0.139
6.402 9.873 0.129
6.354 9.879 0.114
6.305 9.885 0.097
6.257 9.889 0.081
6.209 9.893 0.066
6.16 9.896 0.052
6.112 9.898 0.039
6.063 9.9 0.028
6.015 9.901 0.02
5.966 9.902 0.014
5.918 9.902 0.008
5.869 9.902 0.0
5.821 9.902 -0.009
5.772 9.902 -0.017
5.724 9.901 -0.025
5.675 9.899 -0.031
5.627 9.898 -0.038
5.578 9.896 -0.044
5.53 9.894 -0.051
5.481 9.891 -0.058
5.433 9.888 -0.063
5.385 9.885 -0.069
5.336 9.881 -0.074
5.288 9.878 -0.078
5.239 9.874 -0.082
5.191 9.87 -0.085
5.143 9.866 -0.087
5.094 9.861 -0.089
5.046 9.857 -0.09
4.998 9.853 -0.091
4.949 9.848 -0.091
4.901 9.844 -0.092
4.853 9.839 -0.087
4.804 9.835 -0.078
4.756 9.832 -0.068
4.708 9.829 -0.059
4.659 9.826 -0.047
4.611 9.824 -0.033
4.562 9.823 -0.019
4.514 9.822 -0.005
4.465 9.822 0.013
4.417 9.823 0.03
4.368 9.825 0.045
4.32 9.827 0.057
4.271 9.83 0.067
4.223 9.834 0.079
4.175 9.838 0.092
4.126 9.842 0.104
4.078 9.848 0.115
4.03 9.853 0.123
3.982 9.859 0.129
3.934 9.866 0.134
3.886 9.872 0.138
3.838 9.879 0.141
3.79 9.886 0.143
3.742 9.893 0.145
3.694 9.9 0.146
3.646 9.907 0.146
3.598 9.914 0.147
3.55 9.921 0.147
3.502 9.928 0.148
3.454 9.935 0.148
3.406 9.942 0.148
3.358 9.95 0.149
3.31 9.957 0.15
3.262 9.964 0.151
3.214 9.971 0.149
3.166 9.979 0.146
3.118 9.986 0.141
3.07 9.992 0.137
3.022 9.999 0.133
2.973 10.005 0.129
2.925 10.011 0.124
2.877 10.017 0.116
2.829 10.023 0.104
2.781 10.027 0.093
2.732 10.032 0.08
2.684 10.035 0.065
2.636 10.038 0.049
2.587 10.04 0.031
2.539 10.041 0.015
2.49 10.042 0.0
2.442 10.042 -0.013
2.393 10.041 -0.024
2.345 10.039 -0.035
2.296 10.037 -0.046
2.248 10.035 -0.057
2.199 10.032 -0.065
2.151 10.029 -0.071
2.102 10.025 -0.077
2.054 10.021 -0.081
2.006 10.018 -0.084
1.957 10.013 -0.085
1.909 10.009 -0.085
1.861 10.005 -0.081
1.812 10.001 -0.077
1.764 9.998 -0.072
1.716 9.994 -0.068
1.667 9.991 -0.064
1.619 9.988 -0.056
1.57 9.986 -0.049
1.522 9.983 -0.04
1.473 9.982 -0.031
1.425 9.98 -0.021
1.376 9.979 -0.01
1.328 9.979 0.0
1.279 9.979 0.011
1.231 9.98 0.022
1.182 9.981 0.033
1.134 9.983 0.042
1.085 9.985 0.052
1.037 9.988 0.061
0.988 9.991 0.069
0.94 9.995 0.076
0.892 9.998 0.082
0.843 10.002 0.087
0.795 10.007 0.09
0.747 10.011 0.092
0.698 10.016 0.093
0.65 10.02 0.094
0.602 10.025 0.094
0.553 10.029 0.092
0.505 10.034 0.087
0.457 10.038 0.082
0.408 10.042 0.075
0.36 10.045 0.069
0.312 10.048 0.063
0.263 10.051 0.056
0.215 10.054 0.049
0.166 10.056 0.042
0.118 10.058 0.038
0.069 10.06 0.035
0.021 10.062 0.033
-0.028 10.063 0.032
-0.076 10.065 0.032
-0.125 10.066 0.031
-0.173 10.068 0.031
-0.222 10.069 0.031
-0.27 10.071 0.029
-0.319 10.072 0.023
-0.367 10.073 0.013
-0.416 10.073 0.003
-0.464 10.073 -0.008
-0.513 10.073 -0.02
-0.561 10.072 -0.031
-0.61 10.07 -0.043
-0.658 10.068 -0.055
-0.706 10.065 -0.067
-0.755 10.061 -0.076
-0.803 10.057 -0.084
-0.852 10.053 -0.09
-0.9 10.049 -0.095
-0.948 10.044 -0.1
-0.996 10.039 -0.103
-1.045 10.034 -0.105
-1.093 10.029 -0.107
-1.141 10.024 -0.108
-1.189 10.019 -0.106
-1.238 10.014 -0.101
-1.286 10.009 -0.092
-1.334 10.005 -0.083
-1.383 10.001 -0.075
-1.431 9.997 -0.065
-1.479 9.994 -0.054
-1.528 9.992 -0.04
-1.576 9.99 -0.026
-1.625 9.989 -0.011
-1.673 9.989 0.005
-1.722 9.989 0.02
-1.77 9.991 0.033
-1.819 9.993 0.047
-1.867 9.995 0.058
-1.916 9.998 0.067
-1.964 10.001 0.076
-2.013 10.005 0.085
-2.061 10.009 0.092
-2.109 10.014 0.099
-2.157 10.019 0.105
-2.206 10.024 0.109
-2.254 10.03 0.112
-2.302 10.035 0.111
-2.35 10.04 0.11
-2.399 10.046 0.11
-2.447 10.051 0.109
-2.495 10.056 0.104
-2.543 10.061 0.099
-2.592 10.066 0.093
-2.64 10.07 0.088
-2.688 10.074 0.083
-2.737 10.078 0.074
-2.785 10.082 0.065
-2.833 10.085 0.055
-2.882 10.087 0.044
-2.93 10.089 0.034
-2.979 10.091 0.022
-3.027 10.091 0.012
-3.076 10.092 0.0
-3.124 10.092 -0.011
-3.173 10.091 -0.022
-3.221 10.09 -0.03
-3.27 10.088 -0.035
-3.318 10.086 -0.04
-3.367 10.084 -0.044
-3.415 10.082 -0.048
-3.464 10.08 -0.056
-3.512 10.077 -0.063
-3.561 10.074 -0.072
-3.609 10.07 -0.081
-3.657 10.066 -0.09
-3.706 10.061 -0.098
-3.754 10.056 -0.104
-3.802 10.051 -0.109
-3.85 10.046 -0.112
-3.899 10.04 -0.114
-3.947 10.035 -0.115
-3.995 10.029 -0.115
-4.043 10.024 -0.112
-4.091 10.018 -0.109
-4.14 10.013 -0.105
-4.188 10.008 -0.098
-4.236 10.004 -0.09
-4.284 9.999 -0.082
-4.333 9.996 -0.075
-4.381 9.992 -0.068
-4.43 9.989 -0.059
-4.478 9.986 -0.049
-4.527 9.984 -0.041
-4.575 9.982 -0.033
-4.623 9.981 -0.026
-4.672 9.98 -0.019
-4.721 9.979 -0.015
-4.769 9.978 -0.011
-4.818 9.978 -0.008
-4.866 9.977 -0.007
-4.915 9.977 -0.005
-4.963 9.977 -0.005
-5.012 9.977 -0.004
-5.06 9.976 -0.003
-5.109 9.976 -0.003
-5.157 9.976 -0.003
-5.206 9.976 -0.003
-5.254 9.976 -0.003
-5.303 9.976 -0.006
-5.351 9.975 -0.012
-5.4 9.974 -0.021
-5.448 9.973 -0.032
-5.497 9.971 -0.041
-5.545 9.969 -0.049
-5.594 9.967 -0.057
-5.642 9.964 -0.067
-5.69 9.96 -0.075
-5.739 9.957 -0.083
-5.787 9.953 -0.089
-5.835 9.948 -0.095
-5.884 9.943 -0.099
-5.932 9.938 -0.107
-5.98 9.933 -0.117
-6.028 9.927 -0.129
-6.076 9.921 -0.14
-6.124 9.914 -0.154
-6.172 9.906 -0.169
-6.22 9.898 -0.182
-6.268 9.889 -0.195
-6.315 9.879 -0.209
-6.363 9.869 -0.222
-6.41 9.858 -0.233
-6.457 9.846 -0.243
-6.504 9.835 -0.251
-6.551 9.822 -0.258
-6.598 9.81 -0.263
-6.645 9.797 -0.266
-6.692 9.785 -0.269
-6.739 9.772 -0.27
-6.785 9.759 -0.271
-6.832 9.746 -0.271
-6.879 9.733 -0.272
-6.925 9.72 -0.272
-6.972 9.707 -0.272
-7.019 9.694 -0.272
-7.066 9.681 -0.272
-7.112 9.667 -0.272
-7.159 9.654 -0.272
-7.206 9.641 -0.272
-7.253 9.628 -0.273
-7.299 9.615 -0.278
-7.346 9.602 -0.284
-7.392 9.588 -0.29
-7.439 9.574 -0.298
-7.485 9.56 -0.308
-7.531 9.545 -0.321
-7.577 9.529 -0.332
-7.623 9.513 -0.345
-7.669 9.497 -0.359
-7.714 9.479 -0.373
-7.759 9.461 -0.388
-7.804 9.443 -0.404
-7.848 9.423 -0.421
-7.893 9.403 -0.437
-7.936 9.383 -0.451
-7.98 9.361 -0.463
-8.023 9.339 -0.48
-8.066 9.317 -0.497
-8.109 9.293 -0.516
-8.151 9.269 -0.536
-8.192 9.244 -0.557
-8.233 9.218 -0.579
-8.274 9.191 -0.601
-8.313 9.163 -0.621
-8.353 9.135 -0.638
-8.391 9.106 -0.651
-8.43 9.076 -0.663
-8.468 9.046 -0.679
-8.506 9.015 -0.698
-8.542 8.984 -0.72
-8.579 8.951 -0.743
-8.614 8.918 -0.764
-8.649 8.885 -0.786
-8.683 8.85 -0.809
-8.716 8.814 -0.832
-8.748 8.778 -0.856
-8.78 8.741 -0.879
-8.81 8.704 -0.9
-8.84 8.666 -0.92
-8.869 8.627 -0.942
-8.898 8.587 -0.965
-8.925 8.547 -0.988
-8.951 8.506 -1.008
-8.977 8.465 -1.028
-9.002 8.423 -1.048
-9.025 8.381 -1.066
-9.049 8.339 -1.088
-9.071 8.295 -1.11
-9.092 8.252 -1.133
-9.112 8.208 -1.156
-9.131 8.163 -1.18
-9.149 8.118 -1.203
-9.167 8.073 -1.225
-9.183 8.027 -1.247
-9.198 7.981 -1.269
-9.212 7.934 -1.292
-9.225 7.888 -1.315
-9.237 7.841 -1.334
-9.248 7.793 -1.35
-9.258 7.746 -1.363
-9.268 7.698 -1.373
-9.277 7.651 -1.381
-9.286 7.603 -1.394
-9.294 7.555 -1.409
-9.302 7.507 -1.427
-9.309 7.459 -1.447
-9.314 7.411 -1.467
-9.319 7.363 -1.487
-9.323 7.315 -1.503
-9.326 7.266 -1.518
-9.328 7.218 -1.532
-9.33 7.169 -1.545
-9.331 7.121 -1.558
-9.331 7.072 -1.57
-9.331 7.024 -1.581
-9.33 6.975 -1.591
-9.329 6.927 -1.599
-9.327 6.878 -1.607
-9.326 6.83 -1.613
-9.323 6.781 -1.618
-9.321 6.733 -1.622
-9.319 6.684 -1.623
-9.316 6.636 -1.624
-9.313 6.587 -1.624
-9.311 6.539 -1.625
-9.308 6.49 -1.625
-9.306 6.442 -1.624
-9.303 6.394 -1.624
-9.3 6.345 -1.624
-9.298 6.297 -1.624
-9.295 6.248 -1.624
-9.293 6.2 -1.624
-9.29 6.151 -1.624
-9.287 6.103 -1.624
-9.285 6.054 -1.624
-9.282 6.006 -1.624
-9.28 5.958 -1.624
-9.277 5.909 -1.624
-9.275 5.861 -1.624
-9.272 5.812 -1.624
-9.269 5.764 -1.624
-9.267 5.715 -1.624
-9.264 5.667 -1.624
-9.262 5.618 -1.624
-9.259 5.57 -1.624
-9.256 5.522 -1.624
-9.254 5.473 -1.624
-9.251 5.425 -1.624
-9.249 5.376 -1.624
-9.246 5.328 -1.624
-9.244 5.279 -1.624
-9.241 5.231 -1.624
-9.238 5.182 -1.624
-9.236 5.134 -1.624
-9.233 5.086 -1.624
-9.231 5.037 -1.624
-9.228 4.989 -1.624
-9.225 4.94 -1.624
-9.223 4.892 -1.624
-9.22 4.843 -1.624
-9.218 4.795 -1.624
-9.215 4.746 -1.624
-9.213 4.698 -1.624
-9.21 4.65 -1.624
-9.207 4.601 -1.624
-9.205 4.553 -1.622
-9.202 4.504 -1.616
-9.2 4.456 -1.608
-9.199 4.407 -1.599
-9.198 4.359 -1.59
-9.197 4.31 -1.58
-9.197 4.262 -1.572
-9.197 4.213 -1.564
-9.197 4.165 -1.555
-9.198 4.116 -1.547
-9.199 4.068 -1.539
-9.201 4.019 -1.532
-9.203 3.971 -1.527
-9.205 3.922 -1.523
-9.208 3.874 -1.52
-9.21 3.825 -1.518
-9.213 3.777 -1.516
-9.215 3.728 -1.514
-9.218 3.68 -1.512
-9.221 3.632 -1.511
-9.224 3.583 -1.511
-9.227 3.535 -1.511
-9.23 3.486 -1.51
-9.233 3.438 -1.51
-9.236 3.389 -1.51
-9.239 3.341 -1.51
-9.242 3.293 -1.51
-9.245 3.244 -1.51
-9.247 3.196 -1.51
-9.25 3.147 -1.51
-9.253 3.099 -1.51
-9.256 3.05 -1.51
-9.259 3.002 -1.51
-9.262 2.954 -1.51
-9.265 2.905 -1.51
-9.268 2.857 -1.51
-9.271 2.808 -1.51
-9.274 2.76 -1.51
-9.277 2.711 -1.51
-9.28 2.663 -1.51
-9.283 2.615 -1.51
-9.286 2.566 -1.51
-9.289 2.518 -1.51
-9.292 2.469 -1.51
-9.294 2.421 -1.51
-9.297 2.372 -1.51
-9.3 2.324 -1.51
-9.303 2.276 -1.51
-9.306 2.227 -1.51
-9.309 2.179 -1.51
-9.312 2.13 -1.51
-9.315 2.082 -1.51
-9.318 2.033 -1.51
-9.321 1.985 -1.51
-9.324 1.937 -1.51
-9.327 1.888 -1.51
-9.33 1.84 -1.51
-9.333 1.791 -1.51
-9.336 1.743 -1.51
-9.339 1.694 -1.51
-9.342 1.646 -1.51
-9.344 1.598 -1.51
-9.347 1.549 -1.51
-9.35 1.501 -1.51
-9.353 1.452 -1.51
-9.356 1.404 -1.51
-9.359 1.356 -1.51
-9.362 1.307 -1.51
-9.365 1.259 -1.51
-9.368 1.21 -1.51
-9.371 1.162 -1.51
-9.374 1.113 -1.51
-9.377 1.065 -1.51
-9.38 1.017 -1.51
-9.383 0.968 -1.51
-9.386 0.92 -1.51
-9.389 0.871 -1.51
-9.392 0.823 -1.51
-9.394 0.774 -1.51
-9.397 0.726 -1.51
-9.4 0.678 -1.51
-9.403 0.629 -1.51
-9.406 0.581 -1.51
-9.409 0.532 -1.51
-9.412 0.484 -1.51
-9.415 0.435 -1.51
-9.418 0.387 -1.51
-9.421 0.339 -1.51
-9.424 0.29 -1.51
-9.427 0.242 -1.51
-9.43 0.193 -1.51
-9.433 0.145 -1.51
-9.436 0.096 -1.51
-9.439 0.048 -1.51
-9.442 0.0 -1.51
-9.444 -0.049 -1.51
-9.447 -0.097 -1.51
-9.45 -0.146 -1.51
-9.453 -0.194 -1.51
-9.456 -0.243 -1.51
-9.459 -0.291 -1.51
-9.462 -0.339 -1.51
-9.465 -0.388 -1.51
-9.468 -0.436 -1.51
-9.471 -0.485 -1.51
-9.474 -0.533 -1.51
-9.477 -0.582 -1.51
-9.48 -0.63 -1.51
-9.483 -0.678 -1.51
-9.486 -0.727 -1.51
-9.489 -0.775 -1.51
-9.491 -0.824 -1.51
-9.494 -0.872 -1.51
-9.497 -0.921 -1.51
-9.5 -0.969 -1.51
-9.503 -1.017 -1.51
-9.506 -1.066 -1.512
-9.509 -1.114 -1.514
-9.512 -1.163 -1.52
-9.514 -1.211 -1.528
-9.516 -1.26 -1.535
-9.517 -1.308 -1.545
-9.519 -1.357 -1.554
-9.519 -1.405 -1.564
-9.519 -1.454 -1.574
-9.519 -1.502 -1.583
-9.518 -1.551 -1.591
-9.517 -1.599 -1.599
-9.516 -1.648 -1.607
-9.514 -1.696 -1.614
-9.512 -1.745 -1.618
-9.509 -1.793 -1.622
-9.507 -1.842 -1.625
-9.504 -1.89 -1.627
-9.501 -1.938 -1.628
-9.498 -1.987 -1.629
-9.496 -2.035 -1.629
-9.493 -2.084 -1.63
-9.49 -2.132 -1.63
-9.487 -2.181 -1.63
-9.484 -2.229 -1.63
-9.481 -2.277 -1.63
-9.479 -2.326 -1.63
-9.476 -2.374 -1.63
-9.473 -2.423 -1.63
-9.47 -2.471 -1.63
-9.467 -2.52 -1.63
-9.464 -2.568 -1.63
-9.461 -2.616 -1.63
-9.458 -2.665 -1.63
-9.456 -2.713 -1.63
-9.453 -2.762 -1.63
-9.45 -2.81 -1.63
-9.447 -2.859 -1.63
-9.444 -2.907 -1.63
-9.441 -2.955 -1.63
-9.438 -3.004 -1.63
-9.436 -3.052 -1.63
-9.433 -3.101 -1.63
-9.43 -3.149 -1.63
-9.427 -3.198 -1.63
-9.424 -3.246 -1.63
-9.421 -3.294 -1.63
-9.418 -3.343 -1.63
-9.415 -3.391 -1.63
-9.413 -3.44 -1.63
-9.41 -3.488 -1.63
-9.407 -3.537 -1.63
-9.404 -3.585 -1.63
-9.401 -3.633 -1.63
-9.398 -3.682 -1.63
-9.395 -3.73 -1.63
-9.393 -3.779 -1.63
-9.39 -3.827 -1.63
-9.387 -3.876 -1.63
-9.384 -3.924 -1.63
-9.381 -3.972 -1.63
-9.378 -4.021 -1.63
-9.375 -4.069 -1.63
-9.373 -4.118 -1.63
-9.37 -4.166 -1.63
-9.367 -4.215 -1.63
-9.364 -4.263 -1.63
-9.361 -4.312 -1.63
-9.358 -4.36 -1.63
-9.355 -4.408 -1.63
-9.352 -4.457 -1.63
-9.35 -4.505 -1.63
-9.347 -4.554 -1.63
-9.344 -4.602 -1.63
-9.341 -4.651 -1.63
-9.338 -4.699 -1.63
-9.335 -4.747 -1.63
-9.332 -4.796 -1.63
-9.33 -4.844 -1.63
-9.327 -4.893 -1.63
-9.324 -4.941 -1.63
-9.321 -4.99 -1.63
-9.318 -5.038 -1.63
-9.315 -5.086 -1.63
-9.312 -5.135 -1.63
-9.31 -5.183 -1.63
-9.307 -5.232 -1.63
-9.304 -5.28 -1.63
-9.301 -5.329 -1.63
-9.298 -5.377 -1.63
-9.295 -5.425 -1.63
-9.292 -5.474 -1.63
-9.289 -5.522 -1.63
-9.287 -5.571 -1.63
-9.284 -5.619 -1.63
-9.281 -5.668 -1.63
-9.278 -5.716 -1.63
-9.275 -5.764 -1.63
-9.272 -5.813 -1.63
-9.269 -5.861 -1.63
-9.267 -5.91 -1.63
-9.264 -5.958 -1.63
-9.261 -6.007 -1.63
-9.258 -6.055 -1.63
-9.255 -6.103 -1.63
-9.252 -6.152 -1.63
-9.249 -6.2 -1.63
-9.247 -6.249 -1.63
-9.244 -6.297 -1.63
-9.241 -6.346 -1.63
-9.238 -6.394 -1.63
-9.235 -6.442 -1.63
-9.232 -6.491 -1.63
-9.229 -6.539 -1.63
-9.226 -6.588 -1.63
-9.224 -6.636 -1.63
-9.221 -6.685 -1.63
-9.218 -6.733 -1.63
-9.215 -6.781 -1.63
-9.212 -6.83 -1.63
-9.209 -6.878 -1.63
-9.206 -6.927 -1.63
-9.204 -6.975 -1.63
-9.201 -7.024 -1.63
-9.198 -7.072 -1.63
-9.195 -7.121 -1.63
-9.192 -7.169 -1.63
-9.189 -7.217 -1.63
-9.186 -7.266 -1.63
-9.183 -7.314 -1.63
-9.181 -7.363 -1.63
-9.178 -7.411 -1.63
-9.175 -7.46 -1.63
-9.172 -7.508 -1.632
-9.169 -7.556 -1.638
-9.165 -7.605 -1.649
-9.162 -7.653 -1.659
-9.157 -7.701 -1.67
-9.152 -7.75 -1.681
-9.147 -7.798 -1.694
-9.14 -7.846 -1.706
-9.134 -7.894 -1.721
-9.126 -7.942 -1.739
-9.118 -7.99 -1.757
-9.108 -8.037 -1.774
-9.098 -8.085 -1.785
-9.088 -8.132 -1.795
-9.077 -8.179 -1.803
-9.066 -8.227 -1.809
-9.054 -8.274 -1.813
-9.042 -8.321 -1.829
-9.029 -8.368 -1.846
-9.016 -8.414 -1.866
-9.001 -8.461 -1.888
-8.986 -8.506 -1.911
-8.969 -8.552 -1.935
-8.952 -8.597 -1.954
-8.933 -8.642 -1.974
-8.914 -8.687 -1.996
-8.893 -8.731 -2.018
-8.872 -8.774 -2.041
-8.85 -8.817 -2.065
-8.826 -8.86 -2.089
-8.802 -8.902 -2.112
-8.776 -8.943 -2.136
-8.75 -8.984 -2.157
-8.723 -9.024 -2.178
-8.695 -9.064 -2.201
-8.666 -9.103 -2.222
-8.636 -9.141 -2.239
-8.606 -9.179 -2.254
-8.575 -9.216 -2.273
-8.544 -9.253 -2.295
-8.511 -9.289 -2.316
-8.478 -9.325 -2.335
-8.444 -9.359 -2.357
-8.41 -9.393 -2.379
-8.374 -9.426 -2.402
-8.338 -9.459 -2.424
-8.301 -9.491 -2.442
-8.264 -9.521 -2.462
-8.226 -9.552 -2.483
-8.187 -9.581 -2.503
-8.148 -9.61 -2.523
-8.108 -9.637 -2.545
-8.068 -9.664 -2.567
-8.027 -9.69 -2.587
-7.986 -9.716 -2.608
-7.944 -9.74 -2.628
-7.901 -9.764 -2.646
-7.858 -9.786 -2.667
-7.815 -9.808 -2.686
-7.771 -9.829 -2.706
-7.727 -9.849 -2.726
-7.683 -9.868 -2.745
-7.638 -9.887 -2.767
-7.593 -9.904 -2.786
-7.547 -9.921 -2.806
-7.501 -9.936 -2.826
-7.455 -9.951 -2.844
-7.408 -9.965 -2.866
-7.362 -9.978 -2.888
-7.314 -9.99 -2.909
-7.267 -10.001 -2.927
-7.22 -10.011 -2.942
-7.172 -10.02 -2.962
-7.124 -10.028 -2.983
-7.076 -10.035 -3.006
-7.028 -10.042 -3.029
-6.98 -10.047 -3.052
-6.932 -10.051 -3.071
-6.883 -10.054 -3.092
-6.835 -10.056 -3.112
-6.786 -10.057 -3.13
-6.738 -10.057 3.14
-6.689 -10.057 3.129
-6.641 -10.056 3.111
-6.592 -10.054 3.093
-6.544 -10.052 3.077
-6.495 -10.048 3.063
-6.447 -10.044 3.043
-6.399 -10.039 3.026
-6.351 -10.033 3.012
-6.303 -10.027 3.0
-6.255 -10.02 2.99
-6.207 -10.012 2.98
-6.159 -10.004 2.968
-6.111 -9.995 2.956
-6.063 -9.986 2.946
-6.016 -9.977 2.938
-5.968 -9.967 2.929
-5.921 -9.956 2.92
-5.874 -9.946 2.913
-5.826 -9.934 2.907
-5.779 -9.923 2.903
-5.732 -9.912 2.899
-5.685 -9.9 2.895
-5.638 -9.888 2.891
-5.591 -9.876 2.888
-5.544 -9.864 2.885
-5.497 -9.851 2.885
-5.45 -9.839 2.885
-5.403 -9.827 2.886
-5.356 -9.815 2.888
-5.309 -9.802 2.891
-5.262 -9.79 2.894
-5.215 -9.779 2.897
-5.168 -9.767 2.901
-5.121 -9.755 2.904
-5.074 -9.744 2.906
-5.027 -9.733 2.907
-4.98 -9.721 2.908
-4.932 -9.71 2.908
-4.885 -9.699 2.909
-4.838 -9.688 2.909
-4.791 -9.677 2.909
-4.744 -9.665 2.909
-4.696 -9.654 2.909
-4.649 -9.643 2.909
-4.602 -9.632 2.909
-4.555 -9.621 2.909
-4.507 -9.609 2.909
-4.46 -9.598 2.911
-4.413 -9.587 2.916
-4.366 -9.577 2.926
-4.318 -9.566 2.935
-4.271 -9.557 2.948
-4.223 -9.548 2.963
-4.175 -9.539 2.979
-4.127 -9.532 2.994
-4.079 -9.525 3.006
-4.031 -9.518 3.015
-3.983 -9.512 3.022
-3.935 -9.507 3.03
-3.887 -9.502 3.041
-3.838 -9.497 3.052
-3.79 -9.493 3.062
-3.742 -9.489 3.071
-3.693 -9.486 3.078
-3.645 -9.483 3.089
-3.596 -9.481 3.102
-3.548 -9.479 3.115
-3.499 -9.478 3.126
-3.451 -9.477 3.137
-3.402 -9.477 -3.134
-3.354 -9.478 -3.12
-3.305 -9.479 -3.108
-3.257 -9.481 -3.096
-3.208 -9.483 -3.084
-3.16 -9.486 -3.072
-3.112 -9.49 -3.06
-3.063 -9.494 -3.05
-3.015 -9.499 -3.041
-2.967 -9.504 -3.034
-2.918 -9.509 -3.028
-2.87 -9.515 -3.023
-2.822 -9.52 -3.019
-2.774 -9.526 -3.015
-2.726 -9.533 -3.012
-2.678 -9.539 -3.01
